logT -7.0 -6.5 -6.0 -5.5 -5.0 -4.5 -4.0 -3.5 -3.0 -2.5 -2.0 -1.5 -1.0 -0.5 0.0 0.5 1.0
4.100 -0.493 -0.479 -0.439 -0.342 -0.147 0.160 0.570 1.023 1.476 1.887 2.217 2.453 2.618 2.742 2.851 2.966 3.096
4.050 -0.509 -0.497 -0.447 -0.325 -0.097 0.233 0.650 1.078 1.467 1.773 1.987 2.135 2.247 2.344 2.447 2.570 2.717
4.000 -0.529 -0.498 -0.429 -0.285 -0.054 0.271 0.646 0.991 1.257 1.441 1.571 1.674 1.768 1.871 1.991 2.137 2.311
3.950 -0.521 -0.482 -0.405 -0.267 -0.062 0.198 0.447 0.643 0.784 0.893 0.990 1.092 1.205 1.337 1.490 1.671 1.880
3.900 -0.510 -0.475 -0.414 -0.326 -0.223 -0.126 -0.046 0.029 0.108 0.201 0.313 0.446 0.598 0.770 0.963 1.182 1.425
3.850 -0.524 -0.527 -0.546 -0.593 -0.657 -0.713 -0.742 -0.725 -0.655 -0.539 -0.387 -0.210 -0.016 0.196 0.425 0.674 0.952
3.800 -0.669 -0.790 -0.943 -1.111 -1.275 -1.412 -1.496 -1.500 -1.418 -1.268 -1.075 -0.862 -0.631 -0.386 -0.120 0.174 0.500
3.750 -1.112 -1.321 -1.537 -1.751 -1.952 -2.122 -2.229 -2.241 -2.147 -1.978 -1.757 -1.509 -1.235 -0.933 -0.593 -0.213 0.181
3.700 -1.765 -1.997 -2.224 -2.443 -2.644 -2.812 -2.921 -2.932 -2.836 -2.647 -2.387 -2.067 -1.690 -1.273 -0.851 -0.450 -0.078
3.650 -2.522 -2.742 -2.951 -3.147 -3.323 -3.465 -3.546 -3.530 -3.387 -3.113 -2.735 -2.307 -1.875 -1.469 -1.098 -0.759 -0.446
3.600 -3.297 -3.478 -3.642 -3.783 -3.889 -3.939 -3.912 -3.783 -3.545 -3.220 -2.853 -2.485 -2.136 -1.814 -1.509 -1.214 -0.926
3.550 -3.940 -4.033 -4.086 -4.100 -4.080 -4.030 -3.945 -3.817 -3.640 -3.420 -3.167 -2.896 -2.617 -2.330 -2.027 -1.718 -1.420
3.500 -4.182 -4.169 -4.147 -4.121 -4.102 -4.094 -4.086 -4.059 -3.996 -3.883 -3.695 -3.413 -3.019 -2.521 -1.979 -1.498 -1.169
3.450 -4.203 -4.207 -4.231 -4.274 -4.333 -4.404 -4.469 -4.503 -4.465 -4.279 -3.870 -3.270 -2.608 -2.014 -1.596 -1.363 -1.245
3.400 -4.387 -4.460 -4.550 -4.650 -4.745 -4.812 -4.818 -4.688 -4.319 -3.700 -2.990 -2.351 -1.885 -1.625 -1.507 -1.454 -1.428
3.350 -4.796 -4.896 -4.971 -5.004 -4.974 -4.832 -4.479 -3.881 -3.174 -2.529 -2.055 -1.802 -1.698 -1.658 -1.641 -1.631 -1.623
3.300 -5.133 -5.117 -5.060 -4.894 -4.515 -3.903 -3.194 -2.559 -2.134 -1.939 -1.869 -1.844 -1.834 -1.828 -1.825 -1.822 -1.820
3.250 -5.131 -4.888 -4.409 -3.724 -3.012 -2.463 -2.186 -2.088 -2.057 -2.045 -2.040 -2.037 -2.036 -2.034 -2.033 -2.032 -2.029
3.200 -4.011 -3.281 -2.702 -2.420 -2.329 -2.301 -2.291 -2.288 -2.285 -2.284 -2.284 -2.285 -2.285 -2.284 -2.284 -2.280 -0.881
3.150 -2.496 -2.448 -2.434 -2.429 -2.428 -2.427 -2.427 -2.427 -2.428 -2.428 -2.429 -1.133 -0.936 -0.756 -0.653 0.026 0.413
3.100 -2.423 -2.423 -2.423 -2.424 -2.424 -2.425 -1.346 -1.092 -0.862 -0.269 0.060 0.143 0.354 0.505 0.593 0.626 0.657
3.050 -2.427 -2.427 -1.203 -0.957 -0.479 -0.045 0.156 0.257 0.351 0.449 0.532 0.569 0.594 0.599 0.600 0.601 0.601
3.000 -0.263 -0.091 0.111 0.245 0.329 0.414 0.488 0.529 0.546 0.547 0.548 0.548 0.548 0.548 0.548 0.548 0.548
2.950 0.254 0.320 0.398 0.466 0.499 0.501 0.502 0.502 0.502 0.502 0.502 0.502 0.502 0.502 0.502 0.502 0.502
2.900 0.423 0.458 0.460 0.461 0.462 0.462 0.462 0.462 0.462 0.462 0.462 0.462 0.462 0.462 0.462 0.462 0.462
2.850 0.429 0.430 0.430 0.430 0.430 0.430 0.430 0.430 0.430 0.430 0.430 0.430 0.430 0.430 0.430 0.430 0.430