0.228174824761
0.228032637586
0.227890539016
0.227748528994
0.227606607466
0.227464774376
0.22732302967
0.227181373291
0.227039805186
0.2268983253
0.226756933576
0.226615629961
0.226474414399
0.226333286835
0.226192247215
0.226051295484
0.225910431588
0.22576965547
0.225628967077
0.225488366354
0.225347853247
0.2252074277
0.22506708966
0.224926839071
0.224786675879
0.22464660003
0.224506611469
0.224366710143
0.224226895995
0.224087168973
0.223947529022
0.223807976088
0.223668510115
0.223529131052
0.223389838842
0.223250633432
0.223111514768
0.222972482796
0.222833537462
0.222694678711
0.222555906491
0.222417220746
0.222278621423
0.222140108469
0.222001681829
0.221863341449
0.221725087276
0.221586919257
0.221448837337
0.221310841462
0.22117293158
0.221035107636
0.220897369577
0.22075971735
0.220622150901
0.220484670176
0.220347275123
0.220209965687
0.220072741816
0.219935603455
0.219798550553
0.219661583055
0.219524700908
0.21938790406
0.219251192456
0.219114566044
0.218978024772
0.218841568584
0.21870519743
0.218568911255
0.218432710007
0.218296593633
0.218160562079
0.218024615294
0.217888753224
0.217752975817
0.217617283019
0.217481674778
0.217346151042
0.217210711757
0.217075356871
0.216940086332
0.216804900086
0.216669798082
0.216534780266
0.216399846587
0.216264996992
0.216130231428
0.215995549844
0.215860952186
0.215726438404
0.215592008443
0.215457662252
0.215323399779
0.215189220972
0.215055125779
0.214921114146
0.214718728895
0.214468112954
0.214217789526
0.213967758273
0.213718018851
0.213468570921
0.213219414142
0.212970548174
0.212721972678
0.212473687316
0.212225691748
0.211977985636
0.211730568642
0.211483440429
0.21123660066
0.210990048997
0.210743785106
0.21049780865
0.210252119292
0.210006716699
0.209761600536
0.209516770468
0.209272226161
0.209027967283
0.208783993498
0.208540304476
0.208296899884
0.208053779388
0.207810942659
0.207568389365
0.207326119175
0.207084131758
0.206842426785
0.206601003925
0.20635986285
0.206119003231
0.205878424739
0.205638127046
0.205398109823
0.205158372746
0.204918915484
0.204679737714
0.204440839107
0.204202219339
0.203963878084
0.203725815015
0.203488029811
0.203250522144
0.203013291693
0.202776338133
0.202539661142
0.202303260395
0.202067135571
0.201831286348
0.201595712404
0.201360413417
0.201125389068
0.200890639034
0.200656162997
0.200421960637
0.200188031633
0.199954375667
0.19972099242
0.199487881574
0.199255042811
0.199022475813
0.198790180264
0.198558155845
0.198326402242
0.198094919137
0.197863706215
0.197632763162
0.19740208966
0.197171685397
0.196941550058
0.196711683328
0.196482084895
0.196252754445
0.196023691666
0.195794896245
0.195566367869
0.195338106228
0.19511011101
0.194882381905
0.1946549186
0.194427720787
0.194200788154
0.193974120395
0.193747717197
0.193521578253
0.193295703255
0.193070091894
0.192844743862
0.192619658854
0.19239483656
0.192170276675
0.191945978892
0.191721942906
0.19149816841
0.191274655101
0.191051402671
0.190828410819
0.190605679238
0.190383207627
0.19016099568
0.189939043095
0.189717349569
0.18949575236
0.189234396194
0.188973400496
0.188712764768
0.188452488514
0.188192571238
0.187933012444
0.18767381164
0.18741496833
0.187156482021
0.186898352222
0.18664057844
0.186383160185
0.186126096966
0.185869388293
0.185613033678
0.185357032633
0.185101384668
0.184846089298
0.184591146037
0.184336554398
0.184082313897
0.18382842405
0.183574884371
0.18332169438
0.183068853593
0.182816361529
0.182564217707
0.182312421647
0.182060972868
0.181809870892
0.181559115241
0.181308705437
0.181058641003
0.180808921463
0.180559546341
0.180310515162
0.18006182745
0.179813482735
0.17956548054
0.179317820395
0.179070501828
0.178823524367
0.178576887543
0.178330590884
0.178084633923
0.17783901619
0.177593737217
0.177348796539
0.177104193687
0.176859928196
0.176615999601
0.176372407437
0.176129151239
0.175886230545
0.175643644893
0.175401393818
0.175159476862
0.174917893561
0.174676643457
0.17443572609
0.174195141
0.173954887731
0.173714965823
0.173475374819
0.173236114265
0.172997183704
0.172758582679
0.172520310738
0.172282367426
0.17204475229
0.171807464877
0.171570504736
0.171333871415
0.171097564463
0.17086158343
0.170625927866
0.170390597324
0.170155591353
0.169920909507
0.169686551339
0.169452516403
0.169218804251
0.16898541444
0.168752346524
0.168519600061
0.168287174606
0.168055069716
0.16782328495
0.167591819866
0.167360674023
0.167129846981
0.166899338299
0.16666914754
0.166439274264
0.166209718034
0.165980478413
0.165751554963
0.165522947248
0.165292096513
0.165057863184
0.164823961784
0.164590391842
0.164357152889
0.164124244456
0.163891666075
0.163659417277
0.163427497597
0.163195906567
0.162964643721
0.162733708596
0.162503100725
0.162272819646
0.162042864895
0.16181323601
0.16158393253
0.161354953993
0.161126299938
0.160897969906
0.160669963437
0.160442280074
0.160214919357
0.159987880831
0.159761164038
0.159534768523
0.15930869383
0.159082939504
0.158857505092
0.15863239014
0.158407594196
0.158183116807
0.157958957522
0.157735115891
0.157511591462
0.157288383787
0.157065492418
0.156842916904
0.1566206568
0.156398711657
0.15617708103
0.155955764474
0.155734761541
0.15551407179
0.155293694775
0.155073630054
0.154853877183
0.154634435721
0.154415305227
0.154196485261
0.153977975381
0.153759775148
0.153541884125
0.153324301872
0.153107027952
0.152890061929
0.152673403365
0.152457051825
0.152241006874
0.152025268078
0.151809835002
0.151594707214
0.151379884281
0.151165365771
0.150951151252
0.150737240293
0.150523632466
0.150310327339
0.150097324484
0.149884623473
0.149672223878
0.149460125271
0.149248327227
0.149036829319
0.148825631122
0.148614732211
0.148404132163
0.148193830553
0.147983826959
0.147774120958
0.147564712129
0.147355600051
0.147146784302
0.146938264464
0.146730040117
0.146522110841
0.14631447622
0.146107135835
0.14590008927
0.145693336107
0.145486875932
0.145280708329
0.145074832883
0.144869249181
0.144663956809
0.144458955354
0.144254244404
0.144049823547
0.143845692373
0.14364185047
0.143438297429
0.143235032841
0.143032056296
0.142829367386
0.142626965705
0.142424850844
0.142223022398
0.14202147996
0.141820223125
0.14161925149
0.141418564648
0.141218162197
0.141018043734
0.140818208856
0.140618657162
0.140419388249
0.140220401719
0.140021697169
0.139823274201
0.139625132416
0.139427271416
0.139229690801
0.139032390175
0.138835369142
0.138638627304
0.138442164268
0.138189986113
0.137933873435
0.13767823542
0.137423071189
0.137168379863
0.136914160566
0.136660412424
0.136407134562
0.136154326109
0.135901986196
0.135650113954
0.135398708517
0.135147769018
0.134897294594
0.134647284385
0.134397737529
0.134148653167
0.133900030443
0.1336518685
0.133404166486
0.133156923547
0.132910138832
0.132663811493
0.132417940681
0.132172525551
0.131927565258
0.131683058959
0.131439005813
0.13119540498
0.130952255621
0.1307095569
0.130467307982
0.130225508032
0.12998415622
0.129743251714
0.129502793685
0.129262781306
0.129023213752
0.128784090196
0.128545409817
0.128307171794
0.128069375306
0.127832019535
0.127595103665
0.127358626879
0.127122588365
0.12688698731
0.126651822903
0.126417094335
0.126182800798
0.125948941487
0.125715515595
0.125482522321
0.125249960861
0.125017830417
0.124786130188
0.124554859379
0.124324017192
0.124093602833
0.123863615511
0.123634054432
0.123404918807
0.123176207848
0.122947920768
0.122720056781
0.122492615102
0.12226559495
0.122038995543
0.121812816101
0.121587055845
0.121361714
0.121136789789
0.120912282439
0.120688191176
0.12046451523
0.120241253831
0.120018406211
0.119795971603
0.119573949241
0.119352338362
0.119131138202
0.118910348001
0.118689966998
0.118469994436
0.118250429557
0.118031271606
0.117812519829
0.117594173473
0.117376231786
0.117158694018
0.116941559422
0.116724827249
0.116508496754
0.116292567192
0.116077037821
0.115861907899
0.115647176684
0.11543284344
0.115218907427
0.115005367909
0.114792224153
0.114579475423
0.114367120989
0.11415516012
0.113943592085
0.113732416157
0.11352163161
0.113311237717
0.113101233756
0.112891619003
0.112682392736
0.112473554236
0.112265102785
0.112057037664
0.111849358158
0.111642063553
0.111435153134
0.111228626191
0.111022482011
0.110816719886
0.110611339108
0.110406338969
0.110201718765
0.109997477792
0.109793615345
0.109590130725
0.10938702323
0.109184292163
0.108981936824
0.108779956518
0.108578350549
0.108377118225
0.108176258852
0.107975771739
0.107775656196
0.107575911535
0.107376537068
0.10717753211
0.106978895974
0.106780627979
0.106582727441
0.106385193679
0.106188026015
0.105991223768
0.105794786263
0.105598712822
0.105403002772
0.105207655438
0.105012670149
0.104818046234
0.104623783022
0.104429879845
0.104238286615
0.104048228024
0.103858515969
0.103669149818
0.10348012894
0.103291452705
0.103103120486
0.102915131654
0.102727485583
0.10254018165
0.102353219229
0.102166597699
0.101980316438
0.101794374824
0.10160877224
0.101423508066
0.101238581686
0.101053992485
0.100869739846
0.100685823157
0.100502241804
0.100318995177
0.100136082666
0.0999535036604
0.0997712575526
0.099589343736
0.0994077616043
0.0992265105528
0.099045589978
0.0988649992775
0.0986847378495
0.0985048050937
0.0983252004109
0.0981459232028
0.0979669728726
0.0977883488241
0.0976100504624
0.0974320771937
0.0972544284252
0.0970771035652
0.0969001020233
0.0967234232097
0.0965470665364
0.0963710314155
0.0961953172612
0.0960199234881
0.0958448495118
0.0956700947496
0.0954956586195
0.09532154054
0.0951477399316
0.0949742562155
0.0948010888138
0.0946282371496
0.0944557006474
0.0942834787327
0.0941115708315
0.0939399763717
0.0937686947815
0.0935977254907
0.0934270679295
0.0932567215297
0.0930866857243
0.0929169599464
0.0927475436311
0.0925784362141
0.0924096371322
0.0922411458231
0.0920729617258
0.0919050842799
0.0917375129264
0.0915702471074
0.0914032862655
0.0912366298449
0.0910702772904
0.0909042280478
0.0907384815644
0.0905730372881
0.0904078946678
0.0902430531535
0.090078512196
0.0899142712476
0.0897503297612
0.0895866871908
0.0894233429913
0.0892602966188
0.0890975475301
0.0889350951832
0.0887729390373
0.088611078552
0.0884495131884
0.0882882424083
0.0881272656747
0.0879665824514
0.0878061922031
0.0876460943959
0.0874862884964
0.0873267739724
0.0871675502928
0.0870086169269
0.0868499733459
0.0866916190209
0.0865335534249
0.0863757760312
0.0862182863144
0.0860610837499
0.0859041678144
0.0857475379851
0.0855911937404
0.0854351345595
0.0852793599226
0.085123869311
0.0849686622069
0.0848137380932
0.0846590964539
0.0845047367743
0.08435065854
0.0841968612379
0.0840433443557
0.0838901073823
0.0837371498071
0.0835844711209
0.0834320708152
0.0832799483821
0.0831281033153
0.082976535109
0.0828252432582
0.0826742272592
0.0825234866091
0.0823730208058
0.0822228293481
0.0820729117357
0.0819232674695
0.081773896051
0.0816247969827
0.0814759697681
0.0813274139115
0.0811791289181
0.0810311142939
0.0808833695462
0.0807358941828
0.0805886877126
0.0804417496452
0.0802948516515
0.0801476128268
0.0800006439978
0.0798539446695
0.0797075143477
0.0795613525392
0.0794154587514
0.0792698324931
0.0791244732735
0.0789793806029
0.0788345539928
0.078689992955
0.0785456970028
0.0784016656499
0.0782578984111
0.0781143948021
0.0779711543396
0.077828176541
0.0776854609247
0.0775430070098
0.0774008143163
0.0772588823655
0.0771172106791
0.07697579878
0.0768346461916
0.0766937524384
0.076553117046
0.0764127395404
0.0762726194488
0.0761327562993
0.0759931496205
0.0758537989422
0.075714703795
0.0755758637102
0.0754372782204
0.0752989468584
0.0751608691584
0.0750230446552
0.0748854728845
0.0747481533827
0.0746110856875
0.0744742693369
0.0743377038702
0.0742013888273
0.0740653237487
0.0739295081765
0.073793941653
0.0736586237215
0.0735235539259
0.0733887318116
0.0732541569242
0.0731198288104
0.0729857470176
0.0728519110942
0.0727183205893
0.072584975053
0.0724518740358
0.0723190170897
0.0721864037669
0.0720540336206
0.0719219062051
0.0717900210752
0.0716583777865
0.0715269758958
0.0713958149601
0.0712648945378
0.0711342141878
0.0710037734699
0.0708735719446
0.0707436091733
0.0706138847182
0.0704843981424
0.0703551490096
0.0702261368843
0.0700973613321
0.0699688219191
0.0698405182122
0.0697124497793
0.069584616189
0.0694570170105
0.069329651814
0.0692025201705
0.0690756216517
0.0689489558301
0.0688225222791
0.0686963205727
0.0685703502857
0.0684446109939
0.0683191022735
0.0681938237018
0.0680687748569
0.0679439553173
0.0678193646626
0.0676950024733
0.0675708683301
0.0674469618152
0.0673232825108
0.0671998300006
0.0670766038686
0.0669536036996
0.0668308290793
0.0667082795941
0.0665859548313
0.0664638543786
0.0663419778248
0.0662203247593
0.0660988947723
0.0659776874547
0.0658567023982
0.0657359391954
0.0656153974391
0.0654950767236
0.0653749766434
0.0652550967939
0.0651354367714
0.0650159961726
0.0648967745953
0.0647777716377
0.0646589868991
0.0645404199792
0.0644220704787
0.0643039379989
0.0641860221417
0.06406832251
0.0639508387073
0.0638335703378
0.0637021842945
0.0635683802468
0.0634348572495
0.0633016147122
0.0631686520459
0.0630359686627
0.062903563976
0.0627714374002
0.0626395883515
0.0625080162467
0.0623767205042
0.0622457005435
0.0621149557852
0.0619844856514
0.0618542895652
0.0617243669511
0.0615947172345
0.0614653398423
0.0613362342025
0.0612073997441
0.0610788358977
0.0609505420949
0.0608225177684
0.0606947623522
0.0605672752814
0.0604400559925
0.0603131039229
0.0601864185113
0.0600599991977
0.0599338454231
0.0598079566298
0.0596823322612
0.0595569717618
0.0594318745776
0.0593070401552
0.0591824679428
0.0590581573897
0.0589341079463
0.058810319064
0.0586867901956
0.0585635207951
0.0584405103172
0.0583177582182
0.0581952639555
0.0580730269873
0.0579510467733
0.0578293227742
0.0577078544517
0.0575866412689
0.0574656826898
0.0573449781797
0.057224527205
0.0571043292329
0.0569843837322
0.0568646901724
0.0567452480246
0.0566260567605
0.0565071158532
0.0563884247767
0.0562699830064
0.0561517900186
0.0560338452908
0.0559161483014
0.0557986985302
0.0556814954577
0.0555645385659
0.0554478273378
0.0553313612571
0.0552151398091
0.0550991624798
0.0549834287566
0.0548679381278
0.0547526900827
0.0546376841117
0.0545229197065
0.0544083963596
0.0542941135647
0.0541800708166
0.0540662676109
0.0539527034446
0.0538393778156
0.0537262902228
0.0536134401663
0.053500827147
0.0533884506672
0.05327631023
0.0531644053395
0.0530527355011
0.052941300221
0.052837432655
0.0527533525345
0.0526694062106
0.0525855934704
0.0525019141012
0.0524183678909
0.0523349546275
0.0522516740995
0.0521685260957
0.0520855104052
0.0520026268174
0.0519198751221
0.0518372551095
0.0517547665699
0.0516724092942
0.0515901830735
0.0515080876993
0.0514261229633
0.0513442886577
0.0512625845748
0.0511810105076
0.051099566249
0.0510182515925
0.0509370663319
0.0508560102612
0.0507750831751
0.050694284868
0.0506136151351
0.0505330737718
0.0504526605739
0.0503723753374
0.0502922178586
0.0502121879343
0.0501322853615
0.0500525099375
0.0499728614601
0.0498933397271
0.0498139445369
0.0497346756881
0.0496555329798
0.0495765162111
0.0494976251817
0.0494188596914
0.0493402195405
0.0492617045296
0.0491833144595
0.0491050491313
0.0490269083467
0.0489488919074
0.0488709996155
0.0487932312735
0.0487155866841
0.0486380656504
0.0485606679758
0.048483393464
0.048406241919
0.0483292131452
0.0482523069471
0.0481755231297
0.0480988614983
0.0480223218584
0.0479459040159
0.047869607777
0.0477934329481
0.0477173793362
0.0476414467482
0.0475656349917
0.0474899438742
0.047414373204
0.0473389227892
0.0472635924385
0.0471883819609
0.0471132911656
0.0470383198622
0.0469634678605
0.0468887349706
0.0468141210031
0.0467396257687
0.0466652490784
0.0465909907435
0.0465168505759
0.0464428283874
0.0463689239903
0.0462951371972
0.0462214678208
0.0461479156744
0.0460744805714
0.0460011623256
0.045927960751
0.0458548756619
0.045781906873
0.0457090541992
0.0456363174558
0.0455636964582
0.0454911910223
0.0454188009642
0.0453465261002
0.0452743662472
0.045202321222
0.045125381402
0.0450463945763
0.044967546008
0.0448888354552
0.0448102626761
0.0447318274298
0.0446535294754
0.0445753685726
0.0444973444815
0.0444194569627
0.0443417057771
0.0442640906861
0.0441866114515
0.0441092678353
0.0440320596004
0.0439549865096
0.0438780483265
0.0438012448149
0.0437245757391
0.0436480408637
0.0435716399538
0.0434953727751
0.0434192390933
0.0433432386748
0.0432673712864
0.0431916366952
0.0431160346688
0.043040564975
0.0429652273823
0.0428900216595
0.0428149475757
0.0427400049005
0.042665193404
0.0425905128563
0.0425159630285
0.0424415436916
0.0423672546173
0.0422930955775
0.0422190663446
0.0421451666915
0.0420713963913
0.0419977552174
0.0419242429443
0.0418508593458
0.0417776041969
0.0417044772728
0.041631478349
0.0415586072014
0.0414858636065
0.0414132473411
0.0413407581821
0.041268395907
0.041196160294
0.041124051121
0.0410520681669
0.0409802112106
0.0409084800319
0.0408368744105
0.0407653941263
0.0406940389604
0.0406228086936
0.040551703107
0.0404807219828
0.0404098651029
0.0403391322498
0.0402685232067
0.0401980377563
0.0401276756828
0.0400574367702
0.0399873208027
0.0399173275651
0.0398479781097
0.0398099157804
0.039771889808
0.0397339001573
0.0396959467941
0.0396580296835
0.0396201487908
0.0395823040814
0.039544495521
0.0395067230749
0.0394689867086
0.0394312863876
0.0393936220774
0.0393559937439
0.0393184013525
0.0392808448688
0.0392433242587
0.0392058394878
0.039168390522
0.0391309773271
0.0390935998687
0.0390562581129
0.0390189520255
0.0389816815725
0.0389444467197
0.0389072474333
0.038870083679
0.0388329554234
0.0387958626321
0.0387588052715
0.0387217833075
0.0386847967066
0.0386478454349
0.0386109294585
0.038574048744
0.0385372032573
0.0385003929651
0.0384636178337
0.0384268778295
0.0383901729189
0.0383535030683
0.0383168682445
0.0382802684138
0.0382437035427
0.0382071735981
0.0381706785464
0.0381342183543
0.0380977929887
0.0380614024162
0.0380250466033
0.0379887255174
0.0379524391248
0.0379161873925
0.0378799702875
0.0378437877767
0.0378076398269
0.0377715264053
0.0377354474788
0.0376994030145
0.0376633929795
0.0376274173407
0.0375914760655
0.0375555691211
0.0375196964744
0.0374838580931
0.037448053944
0.0374122839947
0.0373765482124
0.0373408465645
0.0373051790184
0.0372695455415
0.0372339461014
0.0371983806654
0.0371628492011
0.037127351676
0.0370918880579
0.037056458314
0.0370210624124
0.0369857003204
0.0369503720059
0.0369150774366
0.0368798165803
0.0368445894047
0.0368093958778
0.0367742359673
0.0367391096411
0.0367040168672
0.0366689576135
0.036633931848
0.0365989395388
0.0365639806536
0.036529055161
0.0364941630286
0.036459304225
0.0364244787179
0.0363896864759
0.0363549274669
0.0363202016594
0.0362855090216
0.0362639848863
0.0362639216999
0.0362638585136
0.0362637953274
0.0362637321414
0.0362636689554
0.0362636057695
0.0362635425838
0.0362634793982
0.0362634162126
0.0362633530272
0.0362632898419
0.0362632266567
0.0362631634716
0.0362631002866
0.0362630371018
0.036262973917
0.0362629107324
0.0362628475478
0.0362627843634
0.0362627211791
0.0362626579949
0.0362625948108
0.0362625316268
0.0362624684429
0.0362624052592
0.0362623420755
0.036262278892
0.0362622157085
0.0362621525252
0.036262089342
0.0362620261589
0.0362619629759
0.036261899793
0.0362618366102
0.0362617734276
0.036261710245
0.0362616470626
0.0362615838802
0.036261520698
0.0362614575159
0.0362613943339
0.036261331152
0.0362612679702
0.0362612047885
0.036261141607
0.0362610784255
0.0362610152442
0.0362609520629
0.0362608888818
0.0362608257008
0.0362607625199
0.0362606993391
0.0362606361584
0.0362605729778
0.0362605097974
0.036260446617
0.0362603834368
0.0362603202567
0.0362602570766
0.0362601938967
0.0362601307169
0.0362600675372
0.0362600043576
0.0362599411782
0.0362598779988
0.0362598148196
0.0362597516404
0.0362596884614
0.0362596252825
0.0362595621036
0.0362594989249
0.0362594357464
0.0362593725679
0.0362593093895
0.0362592462112
0.0362591830331
0.036259119855
0.0362590566771
0.0362589934993
0.0362589303216
0.0362664936714
0.0362791013009
0.0362917133133
0.0363043297102
0.036316950493
0.0363295756632
0.0363422052225
0.0363548391723
0.0363674775141
0.0363801202495
0.0363927673799
0.0364054189071
0.0364180748323
0.0364307351573
0.0364433998835
0.0364560690125
0.0364687425456
0.0364814204847
0.036494102831
0.0365067895862
0.0365194807519
0.0365321763295
0.0365448763205
0.0365575807265
0.0365702895491
0.0365830027898
0.0365957204501
0.0366084425315
0.0366211690356
0.036633899964
0.0366466353181
0.0366593750994
0.0366721193097
0.0366848679503
0.0366976210228
0.0367103785288
0.0367231404698
0.0367359068473
0.0367486776629
0.0367614529182
0.0367742326146
0.0367870167537
0.0367998053371
0.0368125983663
0.0368253958428
0.0368381977683
0.0368510041441
0.036863814972
0.0368766302534
0.0368894499899
0.036902274183
0.0369151028343
0.0369279359454
0.0369407735177
0.0369536155528
0.0369664620524
0.0369793130179
0.0369921684508
0.0370050283528
0.0370178927254
0.0370307615702
0.0370436348887
0.0370565126824
0.037069394953
0.0370822817019
0.0370951729307
0.0371080686411
0.0371209688344
0.0371338735124
0.0371467826766
0.0371596963284
0.0371726144696
0.0371855371016
0.037198464226
0.0372113958444
0.0372243319583
0.0372372725693
0.0372502176789
0.0372631672888
0.0372761214004
0.0372890800154
0.0373020431353
0.0373150107617
0.0373279828961
0.0373409595402
0.0373539406954
0.0373669263634
0.0373799165457
0.0373929112438
0.0374059104595
0.03742802305
0.0374521704091
0.0374763333473
0.0375005118746
0.0375247060012
0.0375489157369
0.0375731410921
0.0375973820766
0.0376216387007
0.0376459109744
0.0376701989078
0.0376945025109
0.037718821794
0.0377431567671
0.0377675074403
0.0377918738238
0.0378162559277
0.0378406537621
0.0378650673373
0.0378894966633
0.0379139417504
0.0379384026085
0.0379628792481
0.0379873716792
0.0380118799121
0.0380364039569
0.0380609438237
0.038085499523
0.0381100710648
0.0381346584593
0.0381592617169
0.0381838808477
0.0382085158619
0.0382331667699
0.0382578335818
0.038282516308
0.0383072149587
0.0383319295442
0.0383566600747
0.0383814065606
0.038406169012
0.0384309474395
0.0384557418532
0.0384805522634
0.0385053786805
0.0385302211149
0.0385550795768
0.0385799540765
0.0386048446245
0.0386297512311
0.0386546739066
0.0386796126614
0.038704567506
0.0387295384505
0.0387545255055
0.0387795286814
0.0388045479885
0.0388295834373
0.0388546350381
0.0388797028015
0.0389047867377
0.0389298868573
0.0389550031707
0.0389801356883
0.0390052844206
0.0390304493781
0.0390556305712
0.0390808280104
0.0391060417062
0.039131271669
0.0391565179094
0.0391817804379
0.0392070592649
0.039232354401
0.0392576658568
0.0392829936426
0.0393083377692
0.0393336982469
0.0393590750865
0.0393844682984
0.0394098778931
0.0393987079781
0.0393871648789
0.0393756251616
0.0393640888253
0.0393525558689
0.0393410262914
0.0393295000919
0.0393179772694
0.0393064578228
0.0392949417512
0.0392834290536
0.0392719197291
0.0392604137765
0.039248911195
0.0392374119835
0.0392259161411
0.0392144236668
0.0392029345595
0.0391914488184
0.0391799664423
0.0391684874304
0.0391570117816
0.039145539495
0.0391340705695
0.0391226050043
0.0391111427982
0.0390996839503
0.0390882284597
0.0390767763254
0.0390653275462
0.0390538821214
0.0390424400499
0.0390310013307
0.0390195659628
0.0390081339453
0.0389967052771
0.0389852799574
0.038973857985
0.0389624393591
0.0389510240786
0.0389396121426
0.0389282035501
0.0389167983001
0.0389053963916
0.0388939978237
0.0388826025953
0.0388712107056
0.0388598221534
0.0388484369379
0.0388370550581
0.0388256765129
0.0388143013014
0.0388029294227
0.0387915608757
0.0387801956595
0.0387688337731
0.0387574752155
0.0387461199857
0.0387347680829
0.0387234195059
0.0387120742539
0.0387007323258
0.0386893937207
0.0386780584376
0.0386667264755
0.0386553978335
0.0386440725106
0.0386327505057
0.038621431818
0.0386101164465
0.0385988043902
0.0385825615851
0.0385475253601
0.0385125209508
0.0384775483286
0.0384426074645
0.0384076983296
0.0383728208952
0.0383379751324
0.0383031610125
0.0382683785068
0.0382336275865
0.0381989082229
0.0381642203876
0.0381295640517
0.0380949391866
0.0380603457639
0.0380257837549
0.0379912531312
0.0379567538642
0.0379222859254
0.0378878492864
0.0378534439188
0.0378190697942
0.0377847268842
0.0377504151604
0.0377161345947
0.0376818851585
0.0376476668237
0.0376134795621
0.0375793233454
0.0375451981454
0.0375111039339
0.0374770406829
0.0374430083643
0.0374090069498
0.0373750364115
0.0373410967213
0.0373071878512
0.0372733097733
0.0372394624594
0.0372056458819
0.0371718600126
0.0371381048237
0.0371043802874
0.0370706863759
0.0370370230612
0.0370033903157
0.0369697881115
0.036936216421
0.0369026752165
0.0368691644702
0.0368356841544
0.0368022342416
0.0367688147042
0.0367354255145
0.0367020666451
0.0366687380683
0.0366354397566
0.0366021716827
0.0365689338189
0.036535726138
0.0365025486124
0.0364694012149
0.0364362839179
0.0364031966943
0.0363701395167
0.0363371123577
0.0363041151903
0.036271147987
0.0362382107208
0.0362053033643
0.0361724258905
0.0361395782723
0.0361067604825
0.0360739724939
0.0360412142797
0.0360084858127
0.0359757870658
0.0359431180122
0.0359104786249
0.0358778688769
0.0358280348306
0.0357611415568
0.035694373177
0.0356277294582
0.0355612101676
0.0354948150727
0.0354285439419
0.0353623965436
0.0352963726467
0.0352304720208
0.0351646944356
0.0350990396615
0.0350335074691
0.0349680976296
0.0349028099145
0.0348376440958
0.034772599946
0.0347076772378
0.0346428757445
0.0345781952398
0.0345136354979
0.0344491962933
0.0343848774007
0.0343206785958
0.0342565996542
0.0341926403521
0.0341288004663
0.0340650797736
0.0340014780517
0.0339379950783
0.0338746306317
0.0338113844907
0.0337482564343
0.0336852462422
0.0336223536942
0.0335595785706
0.0334969206524
0.0334343797205
0.0333719555566
0.0333096479426
0.0332474566611
0.0331853814948
0.0331234222268
0.0330615786408
0.0329998505207
0.0329382376511
0.0328767398168
0.032815356803
0.0327540883952
0.0326929343794
0.0326318945423
0.0325709686704
0.0325101565512
0.0324494579721
0.0323888727213
0.032328400587
0.0322680413582
0.032207794824
0.032147660774
0.0320876389982
0.0320277292869
0.0319679314309
0.0319082452215
0.03184867045
0.0317892069086
0.0317298543895
0.0316706126853
0.0316114815894
0.0315524608949
0.0314935503961
0.0314347498869
0.0313760591621
0.0313174780167
0.0312590062461
0.0312006436461
0.0311423900129
0.0310842451431
0.0310262088335
0.0309682808814
0.0309104610846
0.0308527492412
0.0307951451495
0.0307376486084
0.030680259417
0.0306229773751
0.0305658022824
0.0305087339394
0.0304517721466
0.0303949167053
0.0303381674168
0.0302686163707
0.0301979721008
0.0301274927084
0.0300571778086
0.0299870270176
0.0299170399523
0.0298472162306
0.0297775554713
0.0297080572941
0.0296387213194
0.0295695471688
0.0295005344645
0.0294316828297
0.0293629918886
0.029294461266
0.0292260905879
0.0291578794808
0.0290898275724
0.0290219344912
0.0289541998664
0.0288866233282
0.0288192045077
0.0287519430367
0.028684838548
0.0286178906753
0.028551099053
0.0284844633164
0.0284179831017
0.0283516580459
0.028285487787
0.0282194719636
0.0281536102152
0.0280879021824
0.0280223475063
0.027956945829
0.0278916967934
0.0278266000433
0.0277616552232
0.0276968619786
0.0276322199557
0.0275677288015
0.027503388164
0.0274391976918
0.0273751570345
0.0273112658425
0.0272475237668
0.0271839304595
0.0271204855733
0.0270571887619
0.0269940396796
0.0269310379817
0.0268681833242
0.0268054753638
0.0267429137583
0.0266804981661
0.0266182282462
0.0265561036589
0.0264941240649
0.0264322891258
0.0263705985039
0.0263090518625
0.0262476488655
0.0261825255775
0.026104432226
0.0260265717999
0.0259489436043
0.0258715469464
0.0257943811359
0.0257174454841
0.0256407393046
0.0255642619128
0.0254880126264
0.0254119907652
0.0253361956506
0.0252606266065
0.0251852829585
0.0251101640343
0.0250352691637
0.0249605976784
0.0248861489122
0.0248119222007
0.0247379168816
0.0246641322946
0.0245905677813
0.0245172226853
0.0244440963522
0.0243711881294
0.0242984973664
0.0242260234148
0.0241537656276
0.0240817233603
0.0240098959699
0.0239382828156
0.0238668832584
0.0237956966612
0.0237247223887
0.0236539598079
0.0235834082872
0.023513067197
0.0234429359099
0.0233730137999
0.0233033002432
0.0232337946178
0.0231644963034
0.0230954046818
0.0230265191364
0.0229578390526
0.0228893638175
0.0228210928202
0.0227530254515
0.0226851611041
0.0226174991723
0.0225500390526
0.0224827801428
0.0224157218429
0.0223488635547
0.0222822046813
0.0222157446282
0.0221494828023
0.0220834186122
0.0220175514687
0.0219518807839
0.0218864059719
0.0218211264484
0.021756041631
0.0216911509389
0.0216264537932
0.0215619496165
0.0214976378332
0.0214335178697
0.0213695891536
0.0213058511146
0.021242303184
0.0211789447947
0.0211157753814
0.0210527943805
0.0209900012299
0.0209273953695
0.0208649762405
0.020802743286
0.0207406959508
0.0206788336811
0.020617155925
0.0205579478585
0.020499965622
0.0204421469203
0.0203844912921
0.0203269982776
0.020269667418
0.020212498256
0.0201554903357
0.0200986432021
0.0200419564019
0.0199854294827
0.0199290619938
0.0198728534853
0.019816803509
0.0197609116176
0.0197051773654
0.0196496003077
0.0195941800011
0.0195389160036
0.0194838078743
0.0194288551736
0.0193740574631
0.0193194143056
0.0192649252653
0.0192105899074
0.0191564077986
0.0191023785066
0.0190485016004
0.0189947766502
0.0189412032274
0.0188877809047
0.0188345092558
0.0187813878559
0.0187284162811
0.0186755941089
0.0186229209178
0.0185703962878
0.0185180197998
0.018465791036
0.0184137095796
0.0183617750154
0.0183099869289
0.0182583449071
0.0182068485378
0.0181554974105
0.0181042911154
0.018053229244
0.018002311389
0.0179515371443
0.0179009061046
0.0178504178663
0.0178000720264
0.0177498681834
0.0176998059368
0.0176498848873
0.0176001046365
0.0175504647874
0.017500964944
0.0174516047113
0.0174023836957
0.0173533015046
0.0173043577462
0.0172555520303
0.0172068839674
0.0171583531694
0.017109959249
0.0170617018202
0.0170135804981
0.0169655948988
0.0169177446395
0.0168700293385
0.0168224486151
0.0167750020897
0.0167276893839
0.0166805101203
0.0166334639224
0.016586550415
0.0165397692238
0.0164931199756
0.0164466022984
0.0164002158209
0.0163539601733
0.0163078349864
0.0162618398924
0.0162159745242
0.0161702385161
0.0161246315032
0.0160791531216
0.0160338030085
0.0159885808023
0.0159434861421
0.0158985186681
0.0158536780218
0.0158089638453
0.015764375782
0.0157199134761
0.0156755765731
0.0156313647191
0.0155872775616
0.0155433147487
0.0154994759299
0.0154557607553
0.0154121688763
0.0153686999451
0.015325353615
0.0152821295401
0.0152390273756
0.0151961284218
0.0151535646102
0.0151111200184
0.0150687943123
0.0150265871591
0.0149844982265
0.0149425271836
0.0149006737
0.0148589374465
0.0148173180948
0.0147758153174
0.0147344287878
0.0146931581804
0.0146520031705
0.0146109634343
0.0145700386489
0.0145292284924
0.0144885326436
0.0144479507825
0.0144074825897
0.0143671277469
0.0143268859365
0.0142867568421
0.0142467401477
0.0142068355387
0.0141670427011
0.0141273613218
0.0140877910886
0.0140483316902
0.0140089828162
0.013969744157
0.0139306154039
0.013891596249
0.0138526863853
0.0138138855068
0.0137751933081
0.0137366094849
0.0136981337337
0.0136597657516
0.0136215052369
0.0135833518884
0.0135453054062
0.0135073654908
0.0134695318437
0.0134318041674
0.0133941821649
0.0133566655403
0.0133192539984
0.0132819472449
0.0132447449862
0.0132076469298
0.0131706527837
0.0131337622569
0.0130969750591
0.0130602909009
0.0130237094938
0.0129872305498
0.0129508537821
0.0129145789044
0.0128784056314
0.0128423336784
0.0128063627616
0.0127704925981
0.0127347229056
0.0126990534028
0.0126634838089
0.0126280138442
0.0125926432297
0.0125573716869
0.0125221989385
0.0124871247076
0.0124521487185
0.0124172706958
0.0123824903652
0.0123478074531
0.0123132216866
0.0122787327936
0.0122443405027
0.0122100445434
0.0121758446459
0.012141740541
0.0121077319605
0.0120738186369
0.0120400003032
0.0120062766935
0.0119726475424
0.0119391125854
0.0119056715585
0.0118723241988
0.0118390702439
0.0118136797344
0.011790703799
0.0117677725484
0.011744885896
0.0117220437548
0.0116992460384
0.0116764926603
0.0116537835343
0.0116311185743
0.0116084976945
0.0115859208091
0.0115633878325
0.0115408986794
0.0115184532645
0.0114960515027
0.0114736933092
0.0114513785993
0.0114291072883
0.0114068792918
0.0113846945257
0.0113625529057
0.0113404543481
0.0113183987691
0.011296386085
0.0112744162125
0.0112524890683
0.0112306045693
0.0112087626326
0.0111869631753
0.0111652061149
0.0111434913688
0.0111218188549
0.011100188491
0.0110786001951
0.0110570538853
0.0110355494801
0.0110140868979
0.0109926660573
0.0109712868773
0.0109499492768
0.0109286531748
0.0109073984908
0.0108861851442
0.0108650130544
0.0108438821414
0.0108227923251
0.0108017435254
0.0107807356627
0.0107597686574
0.0107388424298
0.0107179569008
0.0106971119912
0.010676307622
0.0106555437144
0.0106348201896
0.0106141369692
0.0105934939747
0.0105728911279
0.0105523283507
0.0105318055652
0.0105113226936
0.0104908796584
0.0104704763818
0.0104501127868
0.0104297887962
0.0104095043328
0.0103892593198
0.0103690536805
0.0103488873383
0.0103287602168
0.0103086722397
0.0102886233309
0.0102686134144
0.0102486424143
0.0102287102549
0.0102088168608
0.0101889621566
0.010169146067
0.0101493685168
0.0101296294311
0.0101105670676
0.0100953971521
0.0100802499975
0.0100651255698
0.0100500238348
0.0100349447585
0.0100198883068
0.0100048544459
0.00998984314182
0.00997485436074
0.00995988806886
0.00994494423243
0.00993002281776
0.00991512379117
0.00990024711919
0.00988539276811
0.0098705607046
0.0098557508951
0.0098409633063
0.00982619790485
0.00981145465738
0.00979673353077
0.00978203449169
0.00976735750713
0.00975270254395
0.00973806956912
0.00972345854962
0.0097088694525
0.00969430224492
0.009679756894
0.00966523336695
0.00965073163101
0.00963625165352
0.00962179340182
0.00960735684331
0.00959294194548
0.00957854867571
0.00956417700171
0.00954982689097
0.00953549831113
0.00952119122996
0.00950690561519
0.00949264143452
0.00947839865589
0.00946417724717
0.00944997717625
0.00943579841119
0.00942164091992
0.00940750467059
0.00939338963137
0.00937929577032
0.00936522305579
0.00935117145594
0.00933714093915
0.0093231314738
0.00930914302826
0.00929517557099
0.00928122907053
0.00926730349547
0.00925339881432
0.00923951499582
0.00922565200861
0.00921180982148
0.00919963241475
0.0091898699474
0.00918011783977
0.00917037608088
0.00916064465975
0.00915092356543
0.00914121278693
0.00913151231331
0.00912182213367
0.00911214223701
0.00910247261248
0.00909281324919
0.00908316413619
0.00907352526268
0.0090638966177
0.00905427819048
0.00904466997013
0.00903507194585
0.00902548410679
0.00901590644215
0.00900633894114
0.00899678159298
0.00898723438688
0.0089776973121
0.00896817035787
0.00895865351343
0.00894914676811
0.00893965011114
0.00893016353183
0.00892068701951
0.00891122056344
0.00890176415303
0.00889231777756
0.00888288142638
0.00887345508888
0.00886403875443
0.0088546324124
0.00884523605217
0.00883584966321
0.00882647323488
0.00881710675663
0.00880775021792
0.00879840360815
0.00878906691685
0.00877974013344
0.00877042324742
0.00876111624833
0.00875181912562
0.00874253186881
0.00873325446748
0.00872398691114
0.00871472918935
0.00870548129166
0.00869624320767
0.00868701492696
0.0086777964391
0.0086685877337
0.00865938880042
0.00865019962886
0.00864102020867
0.00863185052949
0.008622690581
0.00861354035286
0.00860439983477
0.00859526901641
0.00858614788748
0.00857703643772
0.00856793465686
0.00855884253462
0.00854976006077
0.00854068722505
0.00853162401724
0.00852257042713
0.00851352644452
0.00850449205921
0.00849546726097
0.00848645203971
0.00847744638521
0.00846845028733
0.00845946373593
0.00845048672087
0.00844151923206
0.00843256125936
0.00842361279268
0.00841467382195
0.00840574433708
0.00839682432798
0.00838791378462
0.00837901269697
0.00837012105497
0.00836123884859
0.00835236606784
0.00834350270272
0.00833464874321
0.00832580417936
0.00831696900119
0.00830814319873
0.00829932676201
0.00829051968114
0.00828396800453
0.00827805488569
0.00827214598764
0.00826624130738
0.00826034084189
0.00825444458818
0.00824855254322
0.00824266470403
0.00823678106758
0.00823090163091
0.00822502639097
0.00821915534482
0.00821328848941
0.00820742582179
0.00820156733896
0.00819571303794
0.00818986291573
0.00818401696935
0.00817817519581
0.00817233759216
0.0081665041554
0.00816067488258
0.00815484977069
0.00814902881678
0.0081432120179
0.00813739937105
0.00813159087328
0.00812578652165
0.00811998631318
0.00811419024491
0.00810839831389
0.00810261051716
0.00809682685177
0.00809104731479
0.00808527190325
0.00807950061421
0.00807373344475
0.0080679703919
0.00806221145274
0.00805645662432
0.00805070590371
0.00804495928798
0.0080392167742
0.00803347835945
0.00802774404078
0.00802201381531
0.00801628768007
0.00801056563216
0.00800484766866
0.00799913378667
0.00799342398325
0.00798771825552
0.00798201660055
0.00797631901543
0.00797062549726
0.00796493604315
0.00795925065018
0.00795356931546
0.0079478920361
0.00794221880918
0.00793654963184
0.00793088450117
0.00792522341428
0.0079195663683
0.00791391336033
0.00790826438748
0.0079026194469
0.00789697853568
0.00789134165098
0.00788570878988
0.00788007994954
0.00787445512709
0.00786883431964
0.00786321752435
0.00785760473833
0.00785199595874
0.00784639118271
0.00784079040738
0.0078351936299
0.00782960084742
0.00782415078812
0.00782094679906
0.00781774412205
0.00781454275653
0.00781134270196
0.00780814395782
0.00780494652357
0.00780175039867
0.00779855558257
0.00779536207476
0.00779216987469
0.00778897898182
0.00778578939561
0.00778260111555
0.00777941414109
0.00777622847169
0.00777304410683
0.00776986104596
0.00776667928855
0.00776349883407
0.007760319682
0.00775714183178
0.00775396528289
0.0077507900348
0.00774761608697
0.00774444343887
0.00774127208997
0.00773810203974
0.00773493328765
0.00773176583315
0.00772859967574
0.00772543481486
0.00772227124999
0.0077191089806
0.00771594800616
0.00771278832614
0.00770962994001
0.00770647284724
0.0077033170473
0.00770016253965
0.00769700932378
0.00769385739915
0.00769070676523
0.00768755742149
0.00768440936741
0.00768126260246
0.00767811712611
0.00767497293783
0.0076718300371
0.00766868842338
0.00766554809616
0.00766240905489
0.00765927129907
0.00765613482816
0.00765299964163
0.00764986573896
0.00764673311962
0.00764360178309
0.00764047172884
0.00763734295635
0.00763421546509
0.00763108925454
0.00762796432417
0.00762484067345
0.00762171830188
0.00761859720891
0.00761547739404
0.00761235885672
0.00760924159645
0.0076061256127
0.00760301090493
0.00759989747265
0.00759678531531
0.0075936744324
0.0075905648234
0.00758745648778
0.00758434942503
0.00758124363461
0.00757813911602
0.00757503586873
0.00757193389221
0.00756883318596
0.00756573374944
0.00756263558215
0.00755953868355
0.00755644305314
0.00755334869038
0.00755025559476
0.00754716376577
0.00754407320288
0.00754246004815
0.00754370186824
0.00754494389279
0.00754618612183
0.00754742855539
0.00754867119351
0.00754991403623
0.00755115708357
0.00755240033557
0.00755364379227
0.00755488745369
0.00755613131988
0.00755737539086
0.00755861966667
0.00755986414734
0.00756110883291
0.0075623537234
0.00756359881887
0.00756484411932
0.00756608962481
0.00756733533537
0.00756858125102
0.00756982737181
0.00757107369776
0.00757232022891
0.0075735669653
0.00757481390695
0.0075760610539
0.00757730840619
0.00757855596385
0.00757980372691
0.00758105169541
0.00758229986938
0.00758354824885
0.00758479683386
0.00758604562445
0.00758729462063
0.00758854382246
0.00758979322996
0.00759104284317
0.00759229266212
0.00759354268685
0.00759479291738
0.00759604335376
0.00759729399601
0.00759854484418
0.00759979589828
0.00760104715837
0.00760229862447
0.00760355029662
0.00760480217484
0.00760605425918
0.00760730654967
0.00760855904634
0.00760981174923
0.00761106465836
0.00761231777378
0.00761357109552
0.00761482462361
0.00761607835808
0.00761733229898
0.00761858644633
0.00761984080016
0.00762472005337
0.00763317984855
0.00764164903006
0.00765012760832
0.00765861559373
0.00766711299677
0.00767561982786
0.00768413609746
0.00769266181606
0.00770119699412
0.00770974164217
0.00771829577068
0.00772685939018
0.00773543251122
0.0077440151443
0.00775260730002
0.00776120898893
0.0077698202216
0.00777844100862
0.0077870713606
0.00779571128813
0.00780436080186
0.00781301991243
0.00782168863045
0.00783036696662
0.0078390549316
0.00784775253605
0.00785645979069
0.00786517670624
0.00787390329338
0.00788263956287
0.00789138552543
0.00790014119184
0.00790890657286
0.00791768167925
0.00792646652182
0.00793526111138
0.00794406545871
0.00795287957468
0.00796170347008
0.00797053715581
0.00797938064269
0.00798823394163
0.00799709706349
0.00800597001919
0.00801485281963
0.00802374547572
0.00803264799841
0.00804156039865
0.0080504826874
0.00805941487562
0.0080683569743
0.00807730899444
0.00808627094704
0.00809524284312
0.00810422469372
0.00811321650989
0.00812221830267
0.00813123008314
0.00814025186238
0.00814928365149
0.00815832546156
0.00816737730372
0.0081764391891
0.00818551112883
0.0081945931341
0.00820368521603
0.00821278738584
0.0082218996547
0.00823102203384
0.00824015453445
0.00824929716777
0.00825844994504
0.00826761287753
0.00827678597649
0.00828596925321
0.00829516271896
0.00830436638508
0.00831358026287
0.00832280436366
0.0083320386988
0.00834128327962
0.00835053811752
0.00835980322386
0.00836907861004
0.00837836428748
0.00838766026757
0.00839696656175
0.00840628318149
0.0084156101382
0.00842494744339
0.00843429510853
0.00844365314511
0.00845302156462
0.00846240037861
0.0084717895986
0.00848118923614
0.00849059930279
0.0085000198101
0.00850951514585
0.00851905308238
0.00852860170955
0.00853816103936
0.0085477310838
0.00855731185486
0.0085669033646
0.00857650562502
0.0085861186482
0.00859574244618
0.00860537703104
0.0086150224149
0.00862467860982
0.00863434562794
0.0086440234814
0.00865371218233
0.00866341174289
0.00867312217526
0.00868284349163
0.00869257570417
0.00870231882513
0.00871207286671
0.00872183784117
0.00873161376075
0.00874140063772
0.00875119848437
0.00876100731299
0.00877082713588
0.00878065796539
0.00879049981382
0.00880035269356
0.00881021661693
0.00882009159635
0.00882997764418
0.00883987477285
0.00884978299478
0.00885970232238
0.00886963276812
0.00887957434445
0.00888952706385
0.00889949093882
0.00890946598184
0.00891945220545
0.00892944962216
0.00893945824454
0.00894947808514
0.00895950915654
0.00896955147131
0.00897960504207
0.00898966988142
0.008999746002
0.00900983341647
0.00901993213746
0.00903004217765
0.00904016354975
0.00905029626644
0.00906044034044
0.00907059578448
0.00908076261131
0.00909094083369
0.00910113046437
0.00911133151616
0.00912154400185
0.00913176793426
0.00914200332623
0.00915225019058
0.0091625085402
0.00917277838794
0.00918305974669
0.00919335262937
0.00920365704888
0.00921397301815
0.00922430055013
0.00923463965778
0.00924499035408
0.00925535265201
0.00926572656458
0.00927611210481
0.00928650928573
0.00929691812038
0.00930733862183
0.00931777080316
0.00932821467746
0.00933867025783
0.00934913755739
0.00935961658928
0.00937010736666
0.00938060990267
0.00939112421052
0.00940165030338
0.00941218819447
0.00942273789702
0.00943329942426
0.00944387278944
0.00945445800584
0.00946505508673
0.00947566404542
0.00948628489522
0.00949691764945
0.00950756232147
0.00951821892463
0.00952888747229
0.00953956797786
0.00955026045474
0.00956096491632
0.00957168137607
0.00958240984742
0.00959315034383
0.00960390287879
0.00961466746578
0.00962544411833
0.00963623284994
0.00964703367416
0.00965784660454
0.00966867165466
0.00967950883809
0.00969035816843
0.00970121965932
0.00971209332436
0.00972297917721
0.00973387723152
0.00974478750098
0.00975570999927
0.00976664474011
0.00977759173721
0.00978855100431
0.00979987907621
0.00981127055546
0.00982267527628
0.00983409325407
0.00984552450423
0.00985696904218
0.00986842688339
0.00987989804331
0.00989138253742
0.00990288038122
0.00991439159024
0.00992591618
0.00993745416606
0.009949005564
0.00996057038939
0.00997214865787
0.00998374038503
0.00999534558654
0.010006964278
0.0100185964752
0.0100302421938
0.0100419014495
0.010053574258
0.0100652606351
0.0100769605966
0.0100886741582
0.0101004013358
0.0101121421452
0.0101238966022
0.0101356647228
0.0101474465227
0.0101592420179
0.0101710512242
0.0101828741578
0.0101947108344
0.0102065612701
0.0102184254809
0.0102303034827
0.0102421952917
0.0102541009238
0.0102660203952
0.0102779537219
0.0102899009199
0.0103018620056
0.0103138369949
0.0103258259041
0.0103378287493
0.0103498455467
0.0103618763126
0.0103739210631
0.0103859798146
0.0103980525833
0.0104101393856
0.0104222402376
0.0104343551558
0.0104464841565
0.0104586272561
0.0104707844709
0.0104829558175
0.0104951413121
0.0105073409712
0.0105195548114
0.010531782849
0.0105440251007
0.0105562815829
0.0105685523121
0.0105808373049
0.010593136578
0.0106054501478
0.0106177780311
0.0106301202444
0.0106424768045
0.0106548477279
0.0106672330314
0.0106796327317
0.0106920468456
0.0107044753897
0.0107169183809
0.010729375836
0.0107418477718
0.010754334205
0.0107668351526
0.0107793506315
0.0107918806584
0.0108044252504
0.0108169844244
0.0108295581972
0.010842146586
0.0108547496076
0.0108673672791
0.0108799996175
0.0108926466399
0.0109053083633
0.0109179848048
0.0109306759815
0.0109433819106
0.0109561026092
0.0109688380945
0.0109815883836
0.0109943534938
0.0110071334422
0.0110199282463
0.0110327379231
0.01104556249
0.0110584019644
0.0110712563634
0.0110841257046
0.0110970100052
0.0111099092827
0.0111228235544
0.0111357528377
0.0111486971503
0.0111616565094
0.0111746309326
0.0111876204374
0.0112006250413
0.011213644762
0.0112266796168
0.0112397296236
0.0112527947998
0.011265875163
0.0112789707311
0.0112920815215
0.0113052075521
0.0113183488405
0.0113315054045
0.0113446772618
0.0113578644301
0.0113710669274
0.0113842847714
0.01139751798
0.011410766571
0.0114240305623
0.0114373099718
0.0114506048174
0.011463915117
0.0114772408887
0.0114905821504
0.0115039389201
0.0115173112159
0.0115306990558
0.0115441024578
0.0115575214401
0.0115709560207
0.0115844062178
0.0115978720496
0.0116113535342
0.0116248506898
0.0116383635346
0.0116518920869
0.011665436365
0.011678996387
0.0116925721714
0.0117061637363
0.0117197711003
0.0117333942816
0.0117470332986
0.0117606881698
0.0117743589135
0.0117880455482
0.0118017480924
0.0118154665646
0.0118292009833
0.011842951367
0.0118567177342
0.0118705001037
0.0118842984939
0.0118981129235
0.0119119434112
0.0119257899755
0.0119396526352
0.0119535314091
0.0119674263157
0.011981337374
0.0119952646026
0.0120092080203
0.012023167646
0.0120371434985
0.0120511355967
0.0120651439595
0.0120791686057
0.0120932095543
0.0121072668243
0.0121213404346
0.0121354304041
0.012149536752
0.0121636594973
0.012177798659
0.0121919542562
0.012206126308
0.0122203148335
0.0122345198519
0.0122487413824
0.0122629794441
0.0122772340564
0.0122915052383
0.0123057930091
0.0123200973883
0.012334418395
0.0123487560485
0.0123631103683
0.0123774813737
0.0123918690841
0.012406273519
0.0124206946977
0.0124351326397
0.0124495873645
0.0124640588917
0.0124785472407
0.0124930524311
0.0125075744825
0.0125221134144
0.0125366692466
0.0125512419986
0.0125658316902
0.0125804383409
0.0125950619705
0.0126097025989
0.0126243602456
0.0126390349305
0.0126537266734
0.0126684354942
0.0126831614127
0.0126979044487
0.0127126646221
0.0127274419529
0.0127422364611
0.0127570481665
0.0127718770893
0.0127867232493
0.0128015866666
0.0128164673613
0.0128313653535
0.0128462806633
0.0128612133108
0.0128761633161
0.0128911306995
0.0129061154811
0.0129211176812
0.01293613732
0.0129511744178
0.0129662289948
0.0129813010715
0.0129963906681
0.0130114978049
0.0130266225025
0.0130417647812
0.0130569246614
0.0130721021636
0.0130872973083
0.013102510116
0.0131177406072
0.0131329888025
0.0131482547224
0.0131635383876
0.0131788398187
0.0131941590363
0.0132094960612
0.0132248509139
0.0132402236153
0.0132556141861
0.013271022647
0.0132864490189
0.0133018933226
0.0133173555789
0.0133328358086
0.0133483340328
0.0133638502722
0.0133793845479
0.0133949368807
0.0134105072918
0.013426095802
0.0134417024326
0.0134573272044
0.0134729701386
0.0134886312563
0.0135043105786
0.0135200081268
0.0135357239219
0.0135514579853
0.0135672103381
0.0135829810015
0.013598769997
0.0136145773457
0.0136304030691
0.0136462471885
0.0136621097252
0.0136779907007
0.0136938901364
0.0137098080537
0.0137257444743
0.0137416994194
0.0137576729108
0.0137736649699
0.0137896756183
0.0138057048777
0.0138217527697
0.0138378193159
0.013853904538
0.0138700084577
0.0138861310968
0.013902272477
0.0139184326202
0.013934611548
0.0139508092824
0.0139670258452
0.0139832612583
0.0139995155436
0.014015788723
0.0140320808186
0.0140483918522
0.014064721846
0.0140810708219
0.0140974388021
0.0141138258085
0.0141302318634
0.0141466569888
0.014163101207
0.0141795645401
0.0141960470103
0.01421254864
0.0142290694512
0.0142456094665
0.014262168708
0.0142787471982
0.0142953449594
0.0143119620139
0.0143285983844
0.0143452540931
0.0143619291625
0.0143786236153
0.0143953374738
0.0144120707607
0.0144288234985
0.0144455957099
0.0144623874175
0.0144791986439
0.0144960294119
0.0145128797441
0.0145297496633
0.0145466391923
0.0145635483539
0.0145804771708
0.014597425666
0.0146143938623
0.0146313817825
0.0146483894497
0.0146654168868
0.0146824641168
0.0146995311626
0.0147166180473
0.0147337247941
0.0147508514258
0.0147679979657
0.014785164437
0.0148023508627
0.0148195572661
0.0148367836704
0.0148540300989
0.0148712965747
0.0148885831214
0.014905889762
0.0149232165201
0.014940563419
0.014957930482
0.0149753177328
0.0149927251947
0.0150101528911
0.0150276008457
0.015045069082
0.0150625576235
0.0150800664939
0.0150975957168
0.0151151453158
0.0151327153147
0.0151503057371
0.0151679166068
0.0151855479475
0.0152031997831
0.0152208721374
0.0152385650342
0.0152562784974
0.0152740125509
0.0152917672187
0.0153095425246
0.0153273384928
0.0153451551471
0.0153629925118
0.0153808506108
0.0153987294681
0.0154166291081
0.0154345495548
0.0154524908324
0.0154704529652
0.0154884359772
0.015506439893
0.0155244647366
0.0155425105326
0.0155605773051
0.0155786650786
0.0155967738776
0.0156149037264
0.0156330546495
0.0156512266715
0.0156694198167
0.0156876341099
0.0157058695756
0.0157241262384
0.0157424041228
0.0157607032537
0.0157790236557
0.0157973653535
0.0158157283719
0.0158341127357
0.0158525184696
0.0158709455984
0.0158893941473
0.0159078641409
0.0159263556042
0.0159448685622
0.0159634030398
0.015981959062
0.016000536654
0.0160191358408
0.0160377566474
0.0160563990991
0.0160750632209
0.0160937490382
0.016112456576
0.0161311858596
0.0161499369143
0.0161687097655
0.0161875044384
0.0162063209584
0.0162251593509
0.0162440196414
0.0162629018553
0.0162818060181
0.0163007321552
0.0163196802923
0.0163386504549
0.0163576426686
0.016376656959
0.0163956933519
0.0164147518728
0.0164338325476
0.0164529354019
0.0164720604616
0.0164912077524
0.0165103773003
0.016529569131
0.0165487832705
0.0165680197448
0.0165872785797
0.0166065598012
0.0166258634355
0.0166451895084
0.0166645380463
0.016683909075
0.0167033026208
0.0167227187099
0.0167421573685
0.0167616186227
0.0167811024989
0.0168006090234
0.0168201382224
0.0168396901224
0.0168592647497
0.0168788621308
0.016898482292
0.0169181252599
0.016937791061
0.0169574797219
0.016977191269
0.016996925729
0.0170166831286
0.0170364634944
0.0170562668531
0.0170760932314
0.0170959426561
0.017115815154
0.0171357107518
0.0171556294765
0.017175571355
0.017195536414
0.0172155246807
0.0172355361819
0.0172555709447
0.0172756289962
0.0172957103632
0.0173158150731
0.0173359431529
0.0173560946298
0.017376269531
0.0173964678836
0.0174166897151
0.0174369350526
0.0174572039235
0.0174774963551
0.0174978123749
0.0175181520102
0.0175385152886
0.0175589022373
0.0175793128842
0.0175997472565
0.0176202053819
0.0176406872881
0.0176611930027
0.0176817225534
0.0177022759678
0.0177228532736
0.0177434544988
0.017764079671
0.0177847288181
0.017805401968
0.0178260991486
0.0178468203878
0.0178675657136
0.017888335154
0.017909128737
0.0179299464906
0.017950788443
0.0179716546223
0.0179925450567
0.0180134597743
0.0180343988035
0.0180553621723
0.0180763499092
0.0180973620424
0.0181183986004
0.0181394596114
0.018160545104
0.0181816551066
0.0182027896477
0.0182239487558
0.0182451324594
0.0182663407872
0.0182875737678
0.0183088314298
0.0183301138019
0.0183514209129
0.0183727527915
0.0183941094665
0.0184154909666
0.0184368973209
0.0184583285581
0.0184797847072
0.0185012657972
0.018522771857
0.0185443029156
0.0185658590022
0.0185874401458
0.0186090463756
0.0186306777206
0.0186523342102
0.0186740158734
0.0186957227396
0.0187174548381
0.0187392121983
0.0187609948494
0.0187828028209
0.0188046361422
0.0188264948428
0.0188483789521
0.0188702884998
0.0188922235154
0.0189141840283
0.0189361700685
0.0189581816655
0.0189802188489
0.0190022816486
0.0190243700943
0.0190464842159
0.0190686240431
0.019090789606
0.0191129809342
0.0191351980579
0.0191574410071
0.0191797098116
0.0192020045016
0.0192243251072
0.0192466716585
0.0192690441857
0.0192914427189
0.0193138672884
0.0193363179244
0.0193587946573
0.0193812975174
0.019403826535
0.0194263817406
0.0194489631646
0.0194715708375
0.0194942047898
0.0195168650519
0.0195395516546
0.0195622646285
0.0195850040042
0.0196077698123
0.0196305620836
0.0196533808489
0.019676226139
0.0196990979847
0.0197219964168
0.0197449214663
0.0197678731641
0.0197908515412
0.0198138566286
0.0198368884574
0.0198599470585
0.0198830324633
0.0199061447027
0.019929283808
0.0199524498105
0.0199756427414
0.0199988626319
0.0200221095135
0.0200453834176
0.0200686843754
0.0200920124186
0.0201153675784
0.0201387498866
0.0201621593746
0.0201855960739
0.0202090600164
0.0202325512336
0.0202560697572
0.020279615619
0.0203031888508
0.0203267894843
0.0203504175514
0.020374073084
0.0203977561141
0.0204214666735
0.0204452047944
0.0204689705087
0.0204927638484
0.0205165848459
0.020540433533
0.0205643099422
0.0205882141055
0.0206121460553
0.0206361058238
0.0206600934434
0.0206841089464
0.0207081523653
0.0207322237325
0.0207563230806
0.0207804504419
0.0208046058492
0.0208287893349
0.0208530009318
0.0208772406724
0.0209015085896
0.0209258047161
0.0209501290846
0.020974481728
0.0209988626792
0.0210232719711
0.0210477096365
0.0210721757086
0.0210966702202
0.0211211932046
0.0211457446947
0.0211703247237
0.0211949333247
0.0212195705311
0.021244236376
0.0212689308927
0.0212936541147
0.0213184060751
0.0213431868074
0.0213679963451
0.0213928347217
0.0214177019707
0.0214425981256
0.02146752322
0.0214924772877
0.0215174603621
0.0215424724772
0.0215675136667
0.0215925839642
0.0216176834037
0.0216428120191
0.0216679698442
0.021693156913
0.0217183732596
0.0217436189179
0.021768893922
0.021794198306
0.0218195321041
0.0218448953504
0.0218702880792
0.0218957103248
0.0219211621215
0.0219466435036
0.0219721545056
0.0219976951618
0.0220232655067
0.0220488655748
0.0220744954007
0.022100155019
0.0221258444643
0.0221515637712
0.0221773129746
0.022203092109
0.0222289012095
0.0222547403106
0.0222806094474
0.0223065086548
0.0223324379676
0.0223583974209
0.0223843870498
0.0224104068893
0.0224364569745
0.0224625373406
0.0224886480228
0.0225147890563
0.0225409604764
0.0225671623185
0.0225933946178
0.0226196574098
0.02264595073
0.0226722746137
0.0226986290967
0.0227250142143
0.0227514300023
0.0227778764962
0.0228043537319
0.0228308617449
0.0228574005711
0.0228839702463
0.0229105708064
0.0229372022873
0.0229638647248
0.0229905581551
0.023017282614
0.0230440381378
0.0230708247624
0.0230976425241
0.023124491459
0.0231513716034
0.0231782829935
0.0232052256658
0.0232321996564
0.0232592050019
0.0232862417387
0.0233133099033
0.0233404095321
0.0233675406619
0.0233947033291
0.0234218975706
0.0234491234229
0.0234763809227
0.0235036701071
0.0235309910125
0.0235583436762
0.0235857281348
0.0236131444254
0.023640592585
0.0236680726506
0.0236955846593
0.0237231286482
0.0237507046546
0.0237783127156
0.0238059528684
0.0238336251505
0.0238613295992
0.0238890662517
0.0239168351456
0.0239446363184
0.0239724698075
0.0240003356506
0.0240282338852
0.024056164549
0.0240841276796
0.024112123315
0.0241401514927
0.0241682122506
0.0241963056267
0.0242244316588
0.0242525903849
0.024280781843
0.0243090060711
0.0243372631073
0.0243655529898
0.0243938757568
0.0244222314464
0.024450620097
0.0244790417468
0.0245074964342
0.0245359841977
0.0245645050757
0.0245930591065
0.0246216463289
0.0246502667814
0.0246789205025
0.0247076075311
0.0247363279058
0.0247650816652
0.0247938688484
0.0248226894941
0.0248515436412
0.0248804313286
0.0249093525954
0.0249383074805
0.0249672960231
0.0249963182623
0.0250253742372
0.0250544639872
0.0250835875513
0.0251127449689
0.0251419362794
0.0251711615222
0.0252004207368
0.0252297139625
0.025259041239
0.0252884026057
0.0253177981025
0.0253472277689
0.0253766916446
0.0254061897694
0.0254357221832
0.0254652889257
0.0254948900369
0.0255245255567
0.0255541955252
0.0255838999824
0.0256136389683
0.0256434125231
0.025673220687
0.0257030635002
0.025732941003
0.0257628532357
0.0257928002387
0.0258227820524
0.0258526836803
0.0258822252706
0.0259118006178
0.0259414097604
0.025971052737
0.0260007295864
0.0260304403472
0.0260601850581
0.026089963758
0.0261197764858
0.0261496232802
0.0261795041803
0.0262094192249
0.0262393684532
0.0262693519041
0.0262993696168
0.0263294216304
0.0263595079841
0.0263896287172
0.026419783869
0.0264499734787
0.0264801975858
0.0265104562296
0.0265407494497
0.0265710772855
0.0266014397767
0.0266318369627
0.0266622688832
0.0266927355781
0.0267232370868
0.0267537734493
0.0267843447055
0.026814950895
0.026845592058
0.0268762682342
0.0269069794638
0.0269377257868
0.0269685072434
0.0269993238735
0.0270301757175
0.0270610628156
0.027091985208
0.0271229429352
0.0271539360374
0.0271849645551
0.0272160285288
0.0272471279989
0.0272782630061
0.0273094335909
0.027340639794
0.0273718816561
0.027403159218
0.0274344725204
0.0274658216042
0.0274972065103
0.0275286272795
0.027560083953
0.0275915765717
0.0276231051766
0.0276546698089
0.0276862705099
0.0277179073206
0.0277495802823
0.0277812894364
0.0278130348243
0.0278448164873
0.0278766344668
0.0279084888044
0.0279403795416
0.0279723067201
0.0280042703814
0.0280362705672
0.0280683073193
0.0281003806794
0.0281324906895
0.0281646373913
0.0281968208269
0.0282290410381
0.028261298067
0.0282935919557
0.0283259227462
0.0283582904808
0.0283906952017
0.0284231369511
0.0284556157714
0.0284881317048
0.0285206847939
0.0285532750811
0.0285859026088
0.0286185674197
0.0286512695563
0.0286840090613
0.0287167859773
0.0287496003473
0.0287824522138
0.0288153416199
0.0288482686083
0.028881233222
0.0289142355041
0.0289472754975
0.0289803532454
0.0290134687909
0.0290466221771
0.0290798134474
0.029113042645
0.0291463098133
0.0291796149956
0.0292129582353
0.0292463395761
0.0292797590614
0.0293132167347
0.0293467126398
0.0293802468203
0.02941381932
0.0294474301826
0.029481079452
0.029514767172
0.0295484933867
0.02958225814
0.0296160614758
0.0296499034384
0.0296837840719
0.0297177034204
0.0297516615281
0.0297856584395
0.0298196941987
0.0298537688503
0.0298878824386
0.0299220350082
0.0299562266035
0.0299904572693
0.03002472705
0.0300590359904
0.0300933841354
0.0301277715295
0.0301621982179
0.0301966642452
0.0302311696564
0.0302657144967
0.030300298811
0.0303349226444
0.0303695860421
0.0304042890493
0.0304390317113
0.0304738140733
0.0305086361808
0.0305434980791
0.0305783998138
0.0306133414303
0.0306483229743
0.0306833444912
0.0307184060269
0.0307535076271
0.0307886493375
0.0308238312039
0.0308590532723
0.0308943155886
0.0309296181987
0.0309649611488
0.0310003444849
0.0310357682531
0.0310712324997
0.031106737271
0.0311422826132
0.0311778685727
0.0312134951958
0.0312491625291
0.0312848706192
0.0313206195125
0.0313564092556
0.0313922398954
0.0314281114784
0.0314640240515
0.0314999776616
0.0315359723554
0.03157200818
0.0316080851824
0.0316442034095
0.0316803629086
0.0317165637268
0.0317528059113
0.0317890895093
0.0318254145682
0.0318617811354
0.0318981892583
0.0319346389843
0.0319711303611
0.0320076634362
0.0320442382573
0.032080854872
0.0321175133281
0.0321542136735
0.032190955956
0.0322277402235
0.0322645665239
0.0323014349055
0.0323383454161
0.032375298104
0.0324122930173
0.0324493302043
0.0324864097133
0.0325235315928
0.0325606958909
0.0325979026564
0.0326351519376
0.0326724437831
0.0327097782417
0.032747155362
0.0327845751927
0.0328220377827
0.0328595431807
0.0328970914358
0.0329346825969
0.032972316713
0.0330099938333
0.0330477140067
0.0330854772827
0.0331232837103
0.0331611333389
0.0331990262179
0.0332369623967
0.0332749419248
0.0333129648517
0.033351031227
0.0333891411003
0.0334272945213
0.03346549154
0.0335037322059
0.033542016569
0.0335803446793
0.0336187165867
0.0336571323413
0.0336955919931
0.0337340955924
0.0337726431894
0.0338112348343
0.0338498705774
0.0338885504692
0.0339272745602
0.0339660429007
0.0340048555414
0.0340437125329
0.0340826139259
0.0341215597711
0.0341605501193
0.0341995850214
0.0342386645282
0.0342777886908
0.0343169575602
0.0343561711873
0.0343954296236
0.03443473292
0.0344740811278
0.0345134742985
0.0345529124833
0.0345923957338
0.0346319241013
0.0346714976375
0.0347111163939
0.0347507804222
0.0347904897743
0.0348302445018
0.0348700446566
0.0349098902906
0.0349497814558
0.0349897182043
0.035029700588
0.0350697286592
0.03510980247
0.0351499220728
0.0351900875198
0.0352302988635
0.0352705561562
0.0353108594505
0.035351208799
0.0353916042542
0.0354320458689
0.0354725336958
0.0355130677878
0.0355536481976
0.0355942749782
0.0356349481826
0.0356756678639
0.0357164340751
0.0357572468694
0.0357981063001
0.0358390124204
0.0358799652838
0.0359209649435
0.0359620114531
0.0360031048661
0.0360442452362
0.0360854326169
0.036126667062
0.0361679486252
0.0362092773605
0.0362506533217
0.0362920765627
0.0363335471377
0.0363750651006
0.0364166305058
0.0364582434072
0.0364999038593
0.0365416119163
0.0365833676327
0.0366251710629
0.0366670222614
0.0367089212829
0.036750868182
0.0367928630133
0.0368349058317
0.036876996692
0.036919135649
0.0369613227578
0.0370035580734
0.0370458416508
0.0370881735452
0.0371305538118
0.0371729825059
0.0372154596829
0.037257985398
0.0373005597069
0.037343182665
0.0373858543278
0.0374285747512
0.0374713439907
0.0375141621022
0.0375570291414
0.0375999451644
0.0376429102271
0.0376859243855
0.0377289876958
0.037772100214
0.0378152619965
0.0378584730994
0.0379017335793
0.0379450434924
0.0379884028953
0.0380318118446
0.0380752703968
0.0381187786086
0.0381623365368
0.0382059442382
0.0382496017697
0.0382933091882
0.0383370665507
0.0383808739142
0.038424731336
0.0384686388732
0.038512596583
0.0385566045229
0.0386006627502
0.0386447713224
0.038688930297
0.0387331397315
0.0387773996837
0.0388217102114
0.0388660713721
0.0389104832239
0.0389549458247
0.0389994592324
0.0390440235052
0.039088638701
0.0391333048782
0.0391780220949
0.0392227904095
0.0392676098805
0.0393124805661
0.039357402525
0.0394023758158
0.039447400497
0.0394924766276
0.0395376042661
0.0395827834715
0.0396280143027
0.0396732968187
0.0397186310786
0.0397640171414
0.0398094550664
0.0398549449129
0.0399004867401
0.0399460806075
0.0399917265745
0.0400374247007
0.0400831750457
0.0401289776691
0.0401748326307
0.0402207399902
0.0402666998077
0.0403127121429
0.0403587770559
0.0404048946069
0.0404510648558
0.0404972878631
0.0405435636888
0.0405898923935
0.0406362740375
0.0406827086813
0.0407291963856
0.0407757372108
0.0408223312177
0.0408689784671
0.0409156790198
0.0409624329368
0.0410092402789
0.0410561011074
0.0411030154832
0.0411499834675
0.0411970051218
0.0412440805071
0.041291209685
0.0413383927169
0.0413856296644
0.041432920589
0.0414802655525
0.0415276646165
0.041575117843
0.0416226252938
0.0416701870308
0.0417178031162
0.0417654736119
0.0418131985802
0.0418609780834
0.0419088121837
0.0419567009435
0.0420046444253
0.0420526426915
0.042100695805
0.0421488038281
0.0421969668239
0.042245184855
0.0422934579843
0.0423417862748
0.0423901697896
0.0424386085917
0.0424871027443
0.0425356523106
0.0425842573541
0.042632917938
0.0426816341258
0.0427304059811
0.0427792335675
0.0428281169487
0.0428770561884
0.0429260513505
0.0429751024988
0.0430242096974
0.0430733730102
0.0431225925014
0.0431718682353
0.043221200276
0.0432705886879
0.0433200335354
0.043369534883
0.0434190927953
0.0434687073369
0.0435183785725
0.043568106567
0.043617891385
0.0436677330917
0.043717631752
0.0437675874309
0.0438176001937
0.0438676701055
0.0439177972317
0.0439679816376
0.0440182233887
0.0440685225506
0.0441188791887
0.0441692933689
0.0442197651569
0.0442702946184
0.0443208818194
0.0443715268258
0.0444222297038
0.0444729905194
0.0445238093389
0.0445746862285
0.0446256212546
0.0446766144836
0.044727665982
0.0447787758165
0.0448299440536
0.0448811707601
0.0449324560029
0.0449837998487
0.0450352023646
0.0450866636177
0.045138183675
0.0451897626037
0.0452414004711
0.0452930973446
0.0453448532915
0.0453966683794
0.0454485426759
0.0455004762486
0.0455524691652
0.0456045214936
0.0456566333016
0.0457088046573
0.0457610356286
0.0458133262836
0.0458656766908
0.045918086918
0.045970557034
0.046023087107
0.0460756772056
0.0461283273983
0.046181037754
0.0462338083411
0.0462866392286
0.0463395304854
0.0463924821805
0.0464454943828
0.0464985671618
0.0465517005865
0.0466048947262
0.0466581496502
0.046711465428
0.0467648421294
0.0468182798235
0.0468717785804
0.04692533847
0.0469789595616
0.0470326419256
0.0470863856319
0.0471401907505
0.0471940573518
0.0472479855058
0.0473019752828
0.0473561127203
0.0474111599482
0.0474662711632
0.0475214464404
0.0475766858536
0.0476319894779
0.0476873573875
0.0477427896574
0.0477982863623
0.0478538475774
0.0479094733771
0.0479651638369
0.0480209190318
0.0480767390372
0.0481326239285
0.0481885737806
0.0482445886695
0.0483006686709
0.0483568138601
0.0484130243131
0.0484693001056
0.0485256413136
0.0485820480133
0.0486385202808
0.0486950581921
0.0487516618236
0.0488083312519
0.0488650665532
0.0489218678044
0.0489787350816
0.0490356684623
0.0490926680227
0.04914973384
0.0492068659912
0.0492640645533
0.0493213296038
0.0493786612195
0.0494360594784
0.0494935244574
0.0495510562343
0.0496086548866
0.0496663204923
0.0497240531292
0.049781852875
0.0498397198077
0.0498976540057
0.049955655547
0.0500137245098
0.0500718609725
0.0501300650137
0.0501883367117
0.0502466761457
0.0503050833936
0.0503635585349
0.0504221016484
0.0504807128129
0.0505393921075
0.0505981396118
0.0506569554046
0.0507158395654
0.0507747921739
0.0508338133093
0.0508929030518
0.0509520614807
0.0510112886758
0.0510705847174
0.0511299496851
0.0511893836594
0.0512488867203
0.0513084589481
0.0513681004234
0.0514278112266
0.0514875914382
0.0515474411388
0.0516073604095
0.0516673493308
0.0517274079839
0.0517875364497
0.0518477348096
0.0519080031445
0.0519683415361
0.0520287500657
0.0520892288146
0.0521497778647
0.0522103972977
0.0522710871952
0.0523318476392
0.0523926787121
0.0524535804954
0.0525145530716
0.052575596523
0.0526367109317
0.0526978963807
0.0527591529521
0.0528204807289
0.0528818797936
0.0529433502293
0.0530048921188
0.0530665055453
0.0531281905918
0.0531899473417
0.0532517758781
0.0533136762847
0.0533756486452
0.0534376930427
0.0534998095614
0.0535619982849
0.0536242592972
0.0536865926825
0.0537489985245
0.0538114769078
0.0538740279167
0.0539366516354
0.0539993481486
0.0540621175409
0.054124959897
0.0541878753016
0.0542508638397
0.0543139255965
0.0543770606566
0.0544402691059
0.054503551029
0.054566906512
0.0546303356399
0.0546938384983
0.0547574151733
0.0548210657505
0.0548847903156
0.0549485889549
0.0550124617543
0.0550764088002
0.0551404301787
0.0552045259762
0.0552686962795
0.0553329411751
0.0553972607494
0.0554616550896
0.0555261242823
0.0555906684147
0.0556552875738
0.0557199818469
0.0557847513213
0.0558495960844
0.0559145162238
0.055979511827
0.0560445829816
0.0561097297757
0.056174952297
0.0562402506337
0.0563056248738
0.0563710751057
0.0564366014175
0.0565022038977
0.0565678826351
0.056633637718
0.0566994692353
0.0567653772757
0.0568313619285
0.0568974232824
0.0569635614267
0.0570297764507
0.0570960684438
0.0571624374951
0.0572288836946
0.057295407132
0.0573620078968
0.057428686079
0.0574954417685
0.0575622750557
0.0576291860305
0.0576961747832
0.0577632414045
0.0578303859846
0.0578976086142
0.0579649093841
0.0580322883853
0.0580997457084
0.0581672814445
0.0582348956847
0.0583025885206
0.0583703600433
0.0584382103444
0.0585061395152
0.0585741476478
0.0586422348335
0.0587104011646
0.0587786467328
0.0588469716305
0.0589153759495
0.0589838597828
0.0590524232221
0.0591210663603
0.0591897892899
0.0592585921038
0.0593274748948
0.059396437756
0.0594654807801
0.0595346040607
0.0596038076906
0.0596730917638
0.0597424563735
0.0598119016131
0.0598814275768
0.0599510343582
0.0600207220511
0.0600904907496
0.0601603405481
0.0602302715407
0.0603002838218
0.0603703774859
0.0604405526275
0.0605108093415
0.0605811477226
0.0606515678657
0.0607220698659
0.0607926538183
0.0608633198182
0.0609340679612
0.0610048983424
0.0610758110576
0.0611468062023
0.0612178838727
0.0612890441643
0.0613602871735
0.0614316129963
0.0615030217289
0.0615745134677
0.0616460883094
0.0617177463503
0.0617894876872
0.061861312417
0.0619332206367
0.0620052124431
0.0620772879336
0.0621494472053
0.0622216903557
0.0622940174824
0.0623664286826
0.0624389240546
0.0625115036958
0.0625841677044
0.0626569161783
0.0627297492159
0.0628026669152
0.062875669375
0.0629487566934
0.0630219289693
0.0630951863014
0.0631685287885
0.0632419565298
0.0633154696241
0.063389068171
0.0634627522693
0.063536522019
0.0636103775193
0.0636843188701
0.0637583461709
0.0638324595218
0.063906659023
0.0639809447742
0.064055316876
0.0641297754288
0.064204320533
0.0642789522891
0.0643536707978
0.0644284761602
0.0645033684771
0.0645783478495
0.0646534143788
0.0647285681663
0.0648038093131
0.0648791379211
0.0649545540917
0.065030057927
0.0651056495287
0.0651813289988
0.0652570964395
0.0653329519529
0.0654088956418
0.0654849276082
0.065561047955
0.065637256785
0.0657135542008
0.0657899403054
0.0658664152021
0.065942978994
0.0660196317844
0.0660963736768
0.0661732047748
0.0662501251819
0.0663271350022
0.0664042343395
0.0664814232978
0.0665587019813
0.0666360704943
0.0667135289413
0.0667910774269
0.0668687160556
0.0669464449321
0.0670242641615
0.0671021738489
0.0671801740992
0.0672582650178
0.0673364467101
0.0674147192816
0.0674930828378
0.0675715374848
0.0676500833282
0.0677287204741
0.0678074490285
0.0678862690979
0.0679651807885
0.0680441842068
0.0681232794595
0.0682024666535
0.0682817458953
0.0683611172922
0.0684405809512
0.0685201369796
0.0685997854846
0.068679526574
0.0687593603552
0.068839286936
0.0689193064242
0.068999418928
0.0690796245552
0.0691599234143
0.0692403156138
0.0693208012618
0.0694013804672
0.0694820533388
0.0695628199852
0.0696436805157
0.0697246350391
0.0698056836651
0.0698868265028
0.0699680636617
0.0700493952515
0.0701308213821
0.0702123421631
0.0702939577048
0.0703756681171
0.0704574735104
0.0705393739953
0.0706213696821
0.0707034606814
0.0707856471042
0.0708679290614
0.0709503066639
0.0710327800229
0.0711153492499
0.0711980144563
0.0712807757534
0.0713636332531
0.0714465870673
0.0715296373077
0.0716127840866
0.0716960275162
0.0717793677089
0.0718628047768
0.0719463388331
0.0720299699902
0.0721136983609
0.0721975240582
0.0722814471956
0.072365467886
0.0724495862429
0.0725338023798
0.0726181164104
0.0727025284486
0.0727870386081
0.0728716470031
0.0729563537477
0.0730411589564
0.0731260627435
0.0732110652236
0.0732961665115
0.073381366722
0.07346666597
0.0735520643709
0.0736375620396
0.0737231590917
0.0738088556427
0.0738946518082
0.073980547704
0.0740665434462
0.0741526391506
0.0742388349336
0.0743251309115
0.0744115272006
0.0744980239177
0.0745846211795
0.0746713191028
0.0747581178046
0.0748450174021
0.0749320180127
0.0750191197536
0.0751063227425
0.075193627097
0.0752810329349
0.0753685403744
0.0754561495333
0.07554386053
0.075631673483
0.0757195885105
0.0758076057314
0.0758957252643
0.0759839472284
0.0760722717426
0.076160698926
0.0762492288982
0.0763378617784
0.0764265976864
0.076515436742
0.0766043790649
0.0766934247754
0.0767825739934
0.0768718268395
0.076961183434
0.0770506438974
0.0771402083507
0.0772298769145
0.07731964971
0.0774095268584
0.0774995084807
0.0775895946987
0.0776797856339
0.0777700814078
0.0778604821425
0.07795098796
0.0780415989822
0.0781323153318
0.078223137131
0.0783140645022
0.0784050975684
0.0784962364524
0.0785874812771
0.0786788321657
0.0787702892417
0.0788618526281
0.0789535224488
0.0790452988274
0.0791371818878
0.0792291717541
0.0793212685502
0.0794134724006
0.0795057834298
0.0795982017622
0.0796907275227
0.0797833608359
0.0798752192521
0.0799669863674
0.0800588589124
0.0801508370078
0.0802429207752
0.0803351103359
0.0804274058114
0.0805198073233
0.0806123149936
0.0807049289444
0.0807976492973
0.0808904761751
0.0809834096998
0.0810764499941
0.0811695971805
0.081262851382
0.0813562127215
0.081449681322
0.0815432573069
0.0816369407994
0.0817307319231
0.0818246308016
0.0819186375587
0.0820127523184
0.0821069752047
0.082201306342
0.0822957458545
0.0823902938666
0.0824849505033
0.0825797158892
0.0826745901492
0.0827695734084
0.082864665792
0.0829598674255
0.0830551784344
0.0831505989442
0.0832461290808
0.0833417689702
0.0834375187384
0.0835333785117
0.0836293484166
0.0837254285792
0.0838216191267
0.0839179201856
0.084014331883
0.084110854346
0.0842074877017
0.0843042320776
0.0844010876014
0.0844980544005
0.084595132603
0.0846923223369
0.0847896237302
0.084887036911
0.0849845620081
0.0850821991499
0.0851799484652
0.0852778100828
0.0853757841317
0.0854738707411
0.0855720700404
0.085670382159
0.0857688072265
0.0858673453727
0.0859659967274
0.0860647614209
0.0861636395832
0.0862626313448
0.0863617368361
0.0864609561877
0.0865602895307
0.0866597369957
0.086759298714
0.086858974817
0.086958765436
0.0870586707024
0.0871586907481
0.087258825705
0.087359075705
0.0874594408802
0.0875599213632
0.0876605172862
0.087761228782
0.0878620559832
0.087962999023
0.0880640580343
0.0881652331502
0.0882665245045
0.0883679322304
0.0884694564617
0.0885710973323
0.088672854976
0.0887747295272
0.0888767211202
0.0889788298894
0.0890810559693
0.0891833994949
0.089285860601
0.0893884394227
0.0894911360953
0.0895939507541
0.0896968835346
0.0897999345727
0.0899031040042
0.0900063919651
0.0901097985915
0.0902133240199
0.0903169683866
0.0904207318283
0.0905246144819
0.0906286164843
0.0907327379726
0.090836979084
0.0909413399562
0.0910458207265
0.0911504215328
0.091255142513
0.0913599838051
0.0914649455475
0.0915700278782
0.0916752309361
0.0917805548598
0.0918859997881
0.0919915658602
0.0920972532149
0.092203061992
0.0923089923307
0.0924150443707
0.092521218252
0.0926275141144
0.092733932098
0.0928404723433
0.0929471349906
0.0930539201805
0.093160828054
0.0932678587519
0.0933750124153
0.0934822891855
0.0935896892039
0.0936972126122
0.093804859552
0.0939126301654
0.0940205245944
0.0941285429811
0.0942366854683
0.0943449521982
0.0944533433137
0.0945618589577
0.0946704992732
0.0947792644035
0.0948881544921
0.0949971696823
0.0951063101181
0.0952155759431
0.0953249673016
0.0954344843378
0.095544127196
0.0956538960207
0.0957637909569
0.0958738121491
0.0959839597426
0.0960942338827
0.0962046347146
0.0963151623838
0.0964258170362
0.0965365988176
0.096647507874
0.0967585443519
0.0968697083973
0.0969810001571
0.0970924197778
0.0972039674064
0.0973156431899
0.0974274472756
0.0975393798109
0.0976514409433
0.0977636308207
0.0978759495908
0.0979883974018
0.098100974402
0.0982136807397
0.0983265165637
0.0984394820225
0.0985525772652
0.0986658024409
0.0987791576987
0.0988926431883
0.0990062590593
0.0991200054613
0.0992338825444
0.0993478904587
0.0994620293545
0.0995762993824
0.0996907006928
0.0998052334367
0.0999198977652
0.100034693829
0.10014962178
0.10026468177
0.10037987395
0.100495198472
0.100610655488
0.10072624515
0.100841967612
0.100957823024
0.101073811541
0.101189933314
0.101306188498
0.101422577245
0.101539099709
0.101655756043
0.101772546402
0.101889470939
0.102006529808
0.102123723164
0.102241051161
0.102358513954
0.102476111697
0.102593844547
0.102711712657
0.102829716184
0.102947855283
0.10306613011
0.103184540821
0.103303087571
0.103421770517
0.103540589816
0.103659545624
0.103778638098
0.103897867395
0.104017233673
0.104136737088
0.104256377798
0.104376155962
0.104496071736
0.104616125279
0.104736316749
0.104856646305
0.104977114105
0.105097720309
0.105218465075
0.105339348562
0.105460370929
0.105581532337
0.105702832945
0.105824272913
0.105945852401
0.10606757157
0.106189430579
0.10631142959
0.106433568763
0.106555848259
0.10667826824
0.106800828867
0.106923530302
0.107046372706
0.107169356241
0.107292481069
0.107415747354
0.107539155257
0.10766270494
0.107786396568
0.107910230302
0.108034206307
0.108158324745
0.108282585781
0.108406989578
0.1085315363
0.108656226111
0.108781059176
0.108906035659
0.109031155726
0.10915641954
0.109281827268
0.109407379074
0.109533075125
0.109658915585
0.109784900621
0.109911030398
0.110037305084
0.110163724844
0.110290289846
0.110417000256
0.110543856241
0.110670857968
0.110798005605
0.11092529932
0.11105273928
0.111180325653
0.111308058608
0.111435938313
0.111563964936
0.111692138647
0.111820459614
0.111948928006
0.112077543994
0.112206307746
0.112335219432
0.112464279222
0.112593487287
0.112722843796
0.11285234892
0.112982002831
0.113111805698
0.113241757694
0.113371858988
0.113502109754
0.113632510162
0.113763060385
0.113893760595
0.114024610963
0.114155611663
0.114286762867
0.114418064749
0.11454951748
0.114681121235
0.114812876187
0.11494478251
0.115076840378
0.115209049964
0.115341411443
0.11547392499
0.11560659078
0.115739408986
0.115872379785
0.116005503351
0.11613877986
0.116272209489
0.116405792412
0.116539528806
0.116673418847
0.116807462712
0.116941660577
0.117076012619
0.117210519017
0.117345179946
0.117479995584
0.117614966109
0.1177500917
0.117885372533
0.118020808789
0.118156400644
0.118292148278
0.118428051871
0.1185641116
0.118700327645
0.118836700187
0.118973229405
0.119109915478
0.119246758587
0.119383758913
0.119520916636
0.119658231936
0.119795704996
0.119933335996
0.120071125117
0.120209072542
0.120347178452
0.120485443029
0.120623866456
0.120762448914
0.120901190588
0.121040091659
0.121179152311
0.121318372727
0.121457753091
0.121597293586
0.121736994396
0.121876855706
0.122016877701
0.122157060563
0.12229740448
0.122437909634
0.122578576212
0.1227194044
0.122860394382
0.123001546345
0.123142860475
0.123284336958
0.12342597598
0.123567777729
0.123709742391
0.123851870154
0.123994161205
0.124136615731
0.12427923392
0.124420614036
0.124560416251
0.124700375552
0.124840492114
0.124980766116
0.125121197732
0.125261787142
0.125402534521
0.125543440048
0.125684503899
0.125825726254
0.12596710729
0.126108647185
0.126250346118
0.126392204268
0.126534221813
0.126676398933
0.126818735806
0.126961232613
0.127103889533
0.127246706746
0.127389684433
0.127532822772
0.127676121946
0.127819582134
0.127963203518
0.128106986278
0.128250930597
0.128395036655
0.128539304634
0.128683734717
0.128828327084
0.12897308192
0.129117999406
0.129263079725
0.12940832306
0.129553729594
0.129699299511
0.129845032993
0.129990930226
0.130136991393
0.130283216677
0.130429606265
0.130576160339
0.130722879085
0.130869762688
0.131016811334
0.131164025207
0.131311404493
0.131458949379
0.131606660049
0.131754536692
0.131902579492
0.132050788637
0.132199164314
0.132347706709
0.132496416011
0.132645292406
0.132794336082
0.132943547228
0.133092926031
0.133242472681
0.133392187364
0.133542070271
0.13369212159
0.133842341511
0.133992730223
0.134143287915
0.134294014778
0.134444911002
0.134595976776
0.134747212292
0.13489861774
0.135050193311
0.135201939196
0.135353855587
0.135505942675
0.135658200652
0.13581062971
0.135963230041
0.136116001838
0.136268945293
0.1364220606
0.13657534795
0.136728807539
0.136882439558
0.137036244203
0.137190221666
0.137344372142
0.137498695826
0.137653192912
0.137807863595
0.13796270807
0.138117726532
0.138272919177
0.1384282862
0.138583827798
0.138739544166
0.138895435501
0.139051502
0.139207743859
0.139364161275
0.139520754446
0.139677523569
0.139834468842
0.139991590463
