889.602600479
891.295551404
892.991724087
894.691124656
896.393759256
898.099634041
899.808755177
901.521128842
903.236761226
904.955658529
906.677826966
908.403272761
910.132002152
911.864021387
913.599336728
915.337954446
917.079880825
918.825122164
920.57368477
922.325574963
924.080799078
925.839363456
927.601274456
929.366538447
931.135161808
932.907150934
934.682512229
936.461252111
938.243377009
940.028893366
941.817807634
943.610126281
945.405855785
947.205002638
949.007573343
950.813574415
952.623012381
954.435893785
956.252225177
958.072013125
959.895264204
961.721985006
963.552182135
965.385862205
967.223031845
969.063697695
970.90786641
972.755544655
974.606739109
976.461456463
978.319703421
980.181486702
982.046813033
983.915689159
985.788121835
987.664117827
989.543683918
991.426826902
993.313553586
995.20387079
997.097785347
998.995304102
1000.89643391
1002.80118166
1004.70955421
1006.62155848
1008.53720138
1010.45648982
1012.37943074
1014.30603111
1016.23629788
1018.17023802
1020.10785853
1022.04916642
1023.99416869
1025.94287239
1027.89528455
1029.85141223
1031.81126251
1033.77484246
1035.74215919
1037.7132198
1039.68803143
1041.6666012
1043.64893627
1045.63504382
1047.62493101
1049.61860503
1051.6160731
1053.61734243
1055.62242026
1057.63131385
1059.64403043
1061.66057731
1063.68096176
1065.70519108
1067.7332726
1069.76521363
1071.80102154
1073.84070368
1075.88426741
1077.93172013
1079.98306924
1082.03832216
1084.09748631
1086.16056913
1088.22757808
1090.29852064
1092.37340429
1094.45223653
1096.53502488
1098.62177685
1100.71250001
1102.80720189
1104.90589008
1107.00857216
1109.11525575
1111.22594843
1113.34065784
1115.45939164
1117.58215748
1119.70896303
1121.83981598
1123.97472403
1126.11369491
1128.25673633
1130.40385605
1132.55506183
1134.71036144
1136.86976268
1139.03327335
1141.20090127
1143.37265427
1145.54854021
1147.72856696
1149.91274239
1152.10107439
1154.29357089
1156.49023979
1158.69108905
1160.89612661
1163.10536045
1165.31879856
1167.53644893
1169.75831959
1171.98441856
1174.21475389
1176.44933363
1178.68816588
1180.93125872
1183.17862025
1185.43025861
1187.68618193
1189.94639838
1192.2109161
1194.4797433
1196.75288817
1199.03035892
1201.31216381
1203.59831106
1205.88880894
1208.18366575
1210.48288975
1212.78648927
1215.09447265
1217.40684821
1219.72362432
1222.04480935
1224.37041169
1226.70043975
1229.03490196
1231.37380673
1233.71716255
1236.06497786
1238.41726117
1240.77402098
1243.13526579
1245.50100415
1247.87124462
1250.24599575
1252.62526612
1255.00906435
1257.39739905
1259.79027885
1262.18771239
1264.58970836
1266.99627542
1269.40742228
1271.82315766
1274.24349028
1276.66842889
1279.09798227
1281.53215918
1283.97096843
1286.41441885
1288.86251925
1291.31527848
1293.77270542
1296.23480894
1298.70159796
1301.17308137
1303.64926813
1306.13016716
1308.61578745
1311.10613798
1313.60122776
1316.10106579
1318.60566112
1321.1150228
1323.62915989
1326.14808151
1328.67179672
1331.20031468
1333.73364451
1336.27179537
1338.81477645
1341.36259691
1343.91526599
1346.47279291
1349.0351869
1351.60245724
1354.1746132
1356.75166408
1359.3336192
1361.92048788
1364.51227949
1367.10900337
1369.71066895
1372.31728558
1374.92886273
1377.54540982
1380.1669363
1382.79345166
1385.42496539
1388.06148699
1390.70302601
1393.34959199
1396.00119449
1398.6578431
1401.31954743
1403.98631709
1406.65816173
1409.33509099
1412.01711457
1414.70424215
1417.39648344
1420.09384818
1422.79634612
1425.50398703
1428.21678069
1430.93473691
1433.65786552
1436.38617635
1439.11967927
1441.85838416
1444.60230092
1447.35143947
1450.52174255
1454.53695379
1458.5632796
1462.60075076
1466.64939809
1470.70925254
1474.78034514
1478.86270699
1482.9563693
1487.06136333
1491.17772045
1495.30547213
1499.44464989
1503.59528538
1507.75741031
1511.93105648
1516.11625578
1520.31304019
1524.52144179
1528.74149273
1532.97322525
1537.2166717
1541.4718645
1545.73883615
1550.01761928
1554.30824658
1558.61075083
1562.9251649
1567.25152175
1571.58985447
1575.9401962
1580.30258018
1584.67703972
1589.06360829
1593.46231938
1597.87320661
1602.29630367
1606.73164439
1611.17926263
1615.6391924
1620.11146777
1624.59612291
1629.09319208
1633.60270967
1638.12471012
1642.65922799
1647.20629793
1651.76595468
1656.33823307
1660.92316808
1665.52079471
1670.13114808
1674.75426346
1679.39017616
1684.03892159
1688.70053527
1693.37505285
1698.06251003
1702.76294263
1707.47638658
1712.20287787
1716.94245265
1721.69514711
1726.46099756
1731.24004045
1736.03231228
1740.83784966
1745.65668933
1750.4888681
1755.33442291
1760.19339075
1765.0658088
1769.95171424
1774.85114444
1779.76413683
1784.69072894
1789.63095843
1794.58486305
1799.55248064
1804.53384916
1809.5290067
1814.53799141
1819.56084155
1824.59759553
1829.64829182
1834.71296902
1839.79166584
1844.88442106
1849.99127362
1855.11226254
1860.24742694
1865.39680607
1870.56043929
1875.73836602
1880.93062586
1886.13725846
1891.35830363
1896.59380125
1901.84379133
1907.10831399
1912.38740945
1917.68111807
1922.98948026
1928.31253663
1933.65032783
1939.00289464
1944.37027798
1949.75251884
1955.14965839
1960.56173782
1965.98879851
1971.43088194
1976.88802969
1982.36028344
1987.84768502
1993.35027636
1998.86809951
2004.40119662
2009.94960999
2015.51338202
2021.09255519
2026.68717216
2032.29727568
2037.92290861
2043.56411394
2049.22093478
2054.89341434
2060.58159598
2066.28552317
2072.00523947
2077.74078862
2083.49221443
2089.25956085
2095.04287194
2100.84219191
2106.65756506
2112.48903583
2118.33664879
2124.20044861
2130.0804801
2135.97678821
2141.88941797
2147.81841457
2153.76382331
2159.72568963
2165.70405909
2171.69897736
2177.71049026
2183.73864371
2189.78348378
2195.84505668
2201.9234087
2208.0185863
2214.13063606
2220.25960467
2226.40553897
2232.56848594
2238.74849264
2244.94560632
2251.15987431
2257.39134412
2263.64006336
2269.90607976
2276.18944123
2282.49019577
2288.80839151
2295.14407675
2301.4972999
2307.8681095
2314.25655423
2320.66268293
2327.08654451
2333.52818809
2339.98766288
2346.46501824
2352.96030365
2359.47356878
2366.00486337
2372.55423734
2379.12174072
2385.70742372
2392.31133664
2398.93352996
2405.57405426
2412.2329603
2418.91029897
2425.60612127
2432.32047839
2439.05342162
2445.8050024
2452.57527235
2459.36428317
2466.17208676
2472.99873514
2479.84428047
2486.70877505
2493.59227134
2500.49482195
2507.41647962
2514.35729722
2521.31732781
2528.29662457
2535.29524082
2542.31323005
2549.35064588
2556.40754209
2563.4839726
2570.57999148
2577.69565297
2584.83101141
2591.98612137
2599.16103749
2606.3558146
2613.57050767
2620.80517186
2628.05986242
2635.33463481
2642.6295446
2649.94464754
2657.27999953
2664.63565663
2672.01167502
2679.40811108
2686.82502133
2694.26246245
2701.72049126
2709.19916475
2716.69854008
2724.21867452
2731.75962558
2739.32145085
2746.90420813
2754.50795535
2762.13275062
2769.7786522
2777.44571852
2785.13400816
2792.84357987
2800.57449257
2808.32680531
2816.10057736
2823.89586811
2831.71273711
2839.5512441
2847.41144899
2855.29341183
2863.19719286
2871.12285246
2879.07045119
2887.04004979
2895.03170917
2903.04549038
2911.08145465
2919.1396634
2927.2201782
2935.3230608
2943.4483731
2951.59617721
2959.76653538
2967.95951004
2976.1751638
2984.41355943
2992.67475989
3000.95882831
3009.26582798
3017.59582239
3025.94887517
3034.32505017
3042.72441139
3051.147023
3059.59294938
3068.06225506
3076.55500474
3085.6090036
3094.98671988
3104.39293672
3113.82774075
3123.29121881
3132.78345808
3142.30454596
3151.85457011
3161.4336185
3171.04177934
3180.67914107
3190.34579248
3200.04182257
3209.76732061
3219.52237617
3229.30707911
3239.12151948
3248.9657877
3258.8399744
3268.74417052
3278.67846727
3288.6429561
3298.6377288
3308.6628774
3318.71849421
3328.80467185
3338.92150315
3349.06908134
3359.24749981
3369.45685232
3379.69723286
3389.96873575
3400.27145558
3410.60548721
3420.97092579
3431.3678668
3441.79640597
3452.25663933
3462.74866321
3473.27257421
3483.82846927
3494.41644556
3505.0366006
3515.6890322
3526.37383844
3537.0911177
3547.84096869
3558.6234904
3569.43878211
3580.28694343
3591.16807424
3602.08227474
3613.02964546
3624.01028718
3635.02430103
3646.07178844
3657.15285114
3668.26759116
3679.41611085
3690.59851289
3701.81490025
3713.0653762
3724.35004436
3735.66900863
3747.02237326
3758.4102428
3769.8327221
3781.28991635
3792.78193105
3804.30887205
3815.87084547
3827.46795779
3839.10031582
3850.76802664
3862.47119772
3874.20993683
3885.98435205
3897.79455183
3909.64064493
3921.5227404
3933.44094767
3945.39537651
3957.386137
3969.41333954
3981.4770949
3993.57751416
4005.71470875
4017.88879045
4030.09987135
4042.3480639
4054.6334809
4066.95623547
4079.3164411
4091.71421159
4104.14966112
4116.6229042
4129.13405568
4141.6832308
4154.27054509
4166.89611446
4179.56005521
4192.26248394
4205.0035176
4217.78327354
4230.60186945
4243.45942334
4256.35605364
4269.29187911
4282.26701885
4295.28159236
4308.33571947
4321.42952041
4334.56311575
4347.73662642
4360.95017376
4374.20387941
4387.49786544
4400.83225426
4414.20716867
4427.62273183
4441.07906728
4454.57629895
4468.11455109
4481.69394841
4495.31461594
4508.9766791
4522.68026373
4536.42549598
4550.21250244
4564.04141007
4577.91234623
4591.82543864
4605.78081542
4619.77860508
4633.81893651
4647.90193902
4662.02774228
4676.19647639
4690.4082718
4704.66325939
4718.96157043
4733.3033366
4747.68868995
4762.11776296
4776.59068849
4791.10759984
4805.66863065
4820.27391504
4834.92358749
4849.61778292
4864.35663663
4879.14028433
4893.96886219
4908.84250673
4923.76135494
4938.72554419
4953.73521229
4968.79049743
4983.89153828
4999.03847389
5014.23144373
5029.47058772
5044.75604619
5060.08795989
5075.46647002
5090.89171819
5106.36384642
5121.88299722
5137.44931349
5153.06293858
5168.72401624
5184.43269073
5200.18910668
5215.99340918
5231.84574379
5247.74625646
5263.69509362
5279.69240217
5295.73832938
5311.83302302
5327.9766313
5344.16930289
5360.41118691
5376.7024329
5393.04319089
5409.43361138
5425.87384527
5442.36404395
5458.90435931
5475.49494363
5492.13594969
5508.82753074
5525.56984049
5542.36303309
5559.20726322
5576.10268595
5593.04945691
5610.04773211
5627.09766811
5644.19942189
5661.35315098
5678.55901329
5695.81716728
5713.12777191
5730.49098653
5747.90697107
5765.37588588
5782.89789185
5800.47315032
5818.10182315
5835.78407265
5853.52006166
5871.30995349
5889.153912
5907.05210148
5925.00468674
5943.01183312
5961.07370642
5979.19047298
5997.36229963
6015.5893537
6033.87180304
6052.20981601
6070.60356146
6089.0532088
6107.5589279
6126.12088918
6144.73926359
6163.41422255
6182.14593804
6200.93458256
6219.78032911
6238.68335125
6257.64382306
6276.66191911
6295.73781457
6314.87168506
6334.0637068
6353.31405654
6372.6229115
6391.99044952
6411.41684894
6430.90228868
6450.44694812
6470.05100727
6489.71464666
6509.43804736
6529.22139099
6549.06485974
6568.96863632
6588.93290404
6608.95784671
6629.04364877
6649.19049518
6669.39857142
6689.66806363
6709.99915844
6730.39204307
6750.84690533
6771.36393355
6791.94331668
6812.58524422
6833.28990627
6854.05749348
6874.71180686
6895.35946034
6916.06912741
6936.84099434
6957.67524791
6978.57207552
6999.53166511
7020.55420516
7041.63988475
7062.78889351
7084.00142166
7105.27765995
7126.61779974
7148.02203296
7169.49055209
7191.02355023
7212.62122102
7234.28375871
7256.01135811
7277.80421466
7299.66252431
7321.58648368
7343.57628994
7365.63214081
7387.75423471
7409.94277056
7432.19794793
7454.51996697
7476.90902841
7499.36533364
7521.88908461
7544.48048389
7567.13973464
7589.86704066
7612.66260635
7635.52663672
7658.4593374
7681.46091462
7704.53157528
7727.67152683
7750.88097741
7774.16013572
7797.50921116
7820.92841369
7844.41795395
7867.97804318
7891.60889329
7915.31071678
7939.08372683
7962.92813723
7986.84416243
8010.83201752
8034.89191824
8059.02408098
8083.22872275
8107.50606126
8131.85631483
8156.27970246
8180.7764438
8205.34675918
8229.99086955
8254.70899656
8279.5013625
8304.36819037
8329.30970377
8354.32612706
8379.41768518
8404.58460381
8429.82710931
8455.14542867
8480.5397896
8506.01042049
8531.55755039
8557.18140908
8582.88222702
8608.66023533
8634.51566584
8660.4487511
8686.45972433
8712.54881946
8738.71627113
8764.96231466
8791.28718612
8817.69112225
8844.17436051
8870.73713909
8897.37969686
8924.10227345
8950.90510921
8977.78844514
9004.75252306
9031.79758545
9058.92387555
9086.13163731
9113.42111545
9140.79255537
9168.24620324
9195.78230597
9223.40111122
9251.10286735
9278.88782354
9306.75622963
9334.70833629
9362.74439488
9390.86465757
9419.06937723
9447.35880754
9475.73320291
9504.19281854
9532.73791039
9561.36873516
9590.08555035
9618.88861421
9647.7781858
9676.75452496
9705.81789222
9734.96854905
9764.20675755
9793.5327807
9822.94688224
9852.4493267
9882.04037945
9911.72030656
9941.48937499
9971.34785247
10001.2960075
10031.3341095
10061.4624285
10091.6812356
10121.9908025
10152.3914017
10182.8833068
10213.4667918
10244.142132
10274.9096031
10305.7694819
10336.7220459
10367.7675734
10398.9063438
10430.138637
10461.4647339
10492.8849162
10524.3994666
10556.0086685
10587.7128061
10619.5121646
10651.4070299
10683.3976889
10715.4844294
10747.6675398
10779.9473097
10812.3240293
10844.7979898
10877.3694833
10910.0388027
10942.8062418
10975.6720954
11008.6366589
11041.7002289
11074.8631027
11108.1255786
11141.4879557
11174.9505341
11208.5136146
11242.1774992
11275.9424907
11309.8088926
11343.7770096
11377.8471471
11412.0196117
11446.2947104
11480.6727518
11515.1540449
11549.7388998
11584.4276276
11619.2205402
11654.1179507
11689.1201727
11724.2275211
11759.4403117
11794.7588611
11830.183487
11865.7145079
11901.3522435
11937.0970142
11972.9491414
12008.9089478
12044.9767565
12081.152892
12117.4376798
12153.831446
12190.334518
12226.9472241
12263.6698935
12300.5028566
12337.4464446
12374.5009898
12411.6668253
12448.9442855
12486.3337056
12523.8354218
12561.4497715
12599.177093
12637.0177254
12674.9720092
12713.0402857
12751.2228973
12789.5201873
12827.9325002
12866.4601814
12905.1035775
12943.863036
12982.7389054
13021.7315354
13060.8412768
13100.0684811
13139.4135013
13178.876691
13218.4584054
13258.1590003
13294.6257989
13330.2767515
13366.0233059
13401.8657185
13437.8042463
13473.8391471
13509.9706793
13546.1991021
13582.5246753
13618.9476593
13655.4683154
13692.0869056
13728.8036924
13765.6189392
13802.5329099
13839.5458694
13876.6580831
13913.8698172
13951.1813384
13988.5929145
14026.1048137
14063.717305
14101.4306583
14139.2451439
14177.161033
14215.1785977
14253.2981105
14291.5198448
14329.8440747
14368.2710752
14406.8011217
14445.4344907
14484.1714592
14523.0123049
14561.9573065
14601.0067433
14640.1608953
14679.4200433
14718.7844689
14758.2544543
14797.8302828
14837.512238
14877.3006046
14917.195668
14957.1977142
14997.3070301
15037.5239035
15077.8486226
15118.2814768
15158.822756
15199.4727509
15240.2317531
15281.100055
15322.0779495
15363.1657305
15404.3636929
15445.672132
15487.091344
15528.621626
15570.2632759
15612.0165924
15653.8818748
15695.8594234
15737.9495392
15780.1525241
15822.468681
15864.8983129
15907.4417246
15950.0992209
15992.8711077
16035.757692
16078.7592813
16121.8761839
16165.1087089
16208.4571666
16251.9218678
16295.5031241
16339.2012484
16383.0165537
16426.9493546
16470.9999658
16515.1687034
16559.4558843
16603.8618257
16648.3868465
16693.0312661
16737.7954041
16782.6795821
16827.6841218
16872.8093459
16918.0555782
16963.423143
17008.9123656
17054.5235726
17100.2570909
17146.1132483
17192.0923741
17238.1947975
17284.4208498
17330.770862
17377.2451666
17423.8440971
17470.5679877
17517.4171732
17564.3919898
17611.4927744
17658.7198647
17706.0735997
17753.5543185
17801.1623619
17848.8980716
17896.7617894
17944.753859
17992.8746244
18041.1244307
18089.503624
18138.0125513
18186.6515604
18235.4210002
18284.3212204
18333.3525717
18382.515406
18431.8100754
18481.236934
18530.7963357
18580.4886364
18630.3141921
18680.2733603
18730.3664995
18780.5939686
18830.9561283
18881.4533393
18932.0859639
18982.8543652
19033.7589075
19084.7999557
19135.9778759
19187.2930351
19238.7458015
19290.3365439
19342.0656323
19393.9334378
19445.9403323
19498.0866887
19550.3728814
19602.7992848
19655.3662753
19708.0742298
19760.9235263
19813.9145436
19867.0476622
19920.3232628
19973.7417275
20027.3034397
20081.0087831
20134.8581433
20188.8519062
20242.990459
20297.2741903
20351.7034889
20406.2787457
20461.0003518
20515.8686996
20570.8841828
20626.047196
20681.3581346
20736.8173952
20792.4253759
20848.1824752
20904.0890931
20960.1456305
21016.3524896
21072.7100732
21129.2187858
21185.8790326
21242.6912197
21266.7748577
21285.7837887
21304.8097105
21323.8526382
21342.9125872
21361.9895726
21381.0836095
21400.1947134
21419.3228993
21438.4681827
21457.6305787
21476.8101027
21496.0067699
21515.2205958
21534.4515956
21553.6997847
21572.9651785
21592.2477923
21611.5476415
21630.8647415
21650.1991078
21669.5507558
21688.9197009
21708.3059586
21727.7095443
21747.1304736
21766.568762
21786.0244249
21805.4974779
21824.9879366
21844.4958165
21864.0211331
21883.5639022
21903.1241391
21922.7018597
21942.2970794
21961.909814
21981.5400791
22001.1878903
22020.8532634
22040.5362141
22060.2367579
22079.9549108
22099.6906885
22119.4441065
22139.2151808
22159.0039272
22178.8103614
22198.6344992
22218.4763564
22238.3359489
22258.2132927
22278.1084034
22298.021297
22317.9519893
22337.9004965
22357.8668341
22377.8510184
22397.8530652
22417.8729904
22437.9108102
22457.9665403
22478.0401969
22498.131796
22518.2413537
22538.3688858
22558.5144087
22578.6779382
22598.8594906
22619.0590819
22639.2767283
22659.5124458
22679.7662506
22700.038159
22720.3281871
22740.636351
22760.962667
22781.3071514
22801.6698203
22822.05069
22842.4497768
22862.867097
22883.3026668
22903.7565026
22924.2286207
22944.7190375
22965.2277692
22985.7548323
23006.3002432
23026.8640182
23047.4461738
23068.0467263
23088.6656924
23109.3030883
23129.9589306
23150.6332357
23171.3260202
23192.0373006
23212.7670934
23233.5154151
23254.2822825
23275.0677118
23295.8717199
23316.6943232
23337.5355385
23358.3953823
23379.2738714
23400.1710223
23421.0868517
23442.0213764
23462.9746131
23483.9465784
23504.9372892
23525.9467621
23546.975014
23568.0220615
23589.0879217
23610.1726112
23631.2761468
23652.3985455
23673.5398241
23694.6999994
23715.8790883
23737.0771079
23758.2940749
23779.5300063
23800.7849191
23822.0588302
23843.3517566
23864.6637153
23885.9947234
23907.3447977
23928.7139555
23950.1022137
23971.5095894
23992.9360998
24014.3817618
24035.8465927
24057.3306095
24078.8338294
24100.3562696
24121.8979473
24143.4588796
24165.0390838
24186.6385771
24208.2573766
24229.8954998
24251.5529638
24273.229786
24294.9259836
24316.6415739
24338.3765744
24360.1310023
24381.904875
24403.6982099
24425.5110244
24447.3433359
24469.1951618
24487.3898261
24503.8054575
24520.2320933
24536.6697411
24553.1184082
24569.5781021
24586.04883
24602.5305994
24619.0234177
24635.5272924
24652.0422307
24668.5682402
24685.1053282
24701.6535023
24718.2127697
24734.783138
24751.3646145
24767.9572068
24784.5609223
24801.1757684
24817.8017527
24834.4388825
24851.0871654
24867.7466087
24884.4172201
24901.099007
24917.7919769
24934.4961372
24951.2114956
24967.9380594
24984.6758362
25001.4248335
25018.1850589
25034.9565198
25051.7392239
25068.5331786
25085.3383914
25102.15487
25118.9826218
25135.8216545
25152.6719756
25169.5335926
25186.4065132
25203.2907449
25220.1862953
25237.093172
25254.0113825
25270.9409345
25287.8818356
25304.8340934
25321.7977155
25338.7727095
25355.759083
25372.7568437
25389.7659992
25406.7865572
25423.8185252
25440.861911
25457.9167222
25474.9829664
25492.0606513
25509.1497846
25526.250374
25543.3624271
25560.4859516
25577.6209552
25594.7674456
25611.9254306
25629.0949177
25646.2759148
25663.4684295
25680.6724696
25697.8880427
25715.1151567
25732.3538192
25749.6040381
25766.8658209
25784.1391756
25801.4241098
25818.7206314
25836.028748
25853.3484675
25870.6797976
25888.0227461
25905.3773208
25922.7435295
25940.1213801
25957.5108802
25974.9120378
25992.3248605
26009.7493564
26027.1855331
26044.6333984
26062.0929604
26079.5642267
26097.0472053
26114.5419039
26132.0483305
26149.5664928
26167.0963989
26184.6380564
26202.1914734
26219.7566577
26237.3336171
26254.9223597
26272.5228932
26290.1352256
26307.7593648
26325.3953187
26343.0430952
26360.7027023
26378.3741479
26396.0574399
26413.7525863
26431.4595949
26449.1784739
26466.909231
26484.6518744
26502.4064118
26520.1728514
26537.9512012
26555.7414689
26573.5436628
26591.3577908
26609.1838608
26627.0218808
26644.871859
26662.7338033
26680.6077217
26698.4936223
26716.391513
26734.301402
26752.2232972
26770.1572068
26788.1031387
26806.0611011
26824.0311019
26842.0131493
26860.0072514
26878.0134162
26898.847594
26956.5525872
27014.3813726
27072.3342157
27130.4113826
27188.6131402
27246.9397555
27305.3914967
27363.9686318
27422.6714301
27481.5001611
27540.455095
27599.5365024
27658.7446548
27718.079824
27777.5422825
27837.1323034
27896.8501603
27956.6961274
28016.6704797
28076.7734925
28137.0054418
28197.3666042
28257.857257
28318.4776778
28379.2281451
28440.108938
28501.120336
28562.2626191
28623.5360683
28684.9409649
28746.4775909
28808.1462289
28869.9471621
28931.8806743
28993.9470499
29056.146574
29118.4795322
29180.9462106
29243.5468964
29306.2818767
29369.1514399
29432.1558746
29495.2954699
29558.5705162
29621.9813039
29685.528124
29749.2112685
29813.03103
29876.9877012
29941.0815762
30005.3129491
30069.6821148
30134.1893692
30198.8350083
30263.619329
30328.5426289
30393.6052061
30458.8073593
30524.1493881
30589.6315924
30655.2542729
30721.0177313
30786.9222691
30852.9681893
30919.1557951
30985.4853904
31051.95728
31118.5717688
31185.3291631
31252.2297692
31319.2738945
31386.4618468
31453.7939346
31521.2704672
31588.8917544
31656.6581068
31724.5698355
31792.6272526
31860.8306703
31929.1804022
31997.6767618
32066.3200639
32135.1106236
32204.0487569
32273.1347804
32342.3690113
32411.7517675
32481.2833677
32550.9641312
32620.7943779
32690.7744287
32760.9046047
32831.1852281
32901.6166217
32972.1991088
33042.9330137
33113.8186611
33184.8563766
33256.0464864
33327.3893173
33398.8851971
33470.5344542
33542.3374174
33614.2944165
33686.4057821
33758.6718452
33831.0929377
33903.6693922
33976.4015421
34049.2897211
34122.3342643
34195.5355069
34268.8937851
34342.4094358
34416.0827966
34489.9142058
34563.9040026
34638.0525266
34712.3601184
34786.8271193
34861.4538711
34936.2407166
35011.1879992
35086.2960632
35161.5652535
35236.9959157
35312.5883961
35388.343042
35464.2602012
35540.3402224
35616.583455
35698.9095187
35811.5347493
35924.5152974
36037.8522837
36151.546833
36265.6000732
36380.0131358
36494.7871563
36609.9232733
36725.422629
36841.2863697
36957.5156449
37074.1116076
37191.0754148
37308.4082271
37426.1112084
37544.1855268
37662.6323537
37781.4528642
37900.6482375
38020.2196559
38140.1683061
38260.495378
38381.2020655
38502.2895664
38623.7590819
38745.6118174
38867.8489816
38990.4717876
39113.4814519
39236.8791952
39360.6662417
39484.8438194
39609.4131607
39734.3755014
39859.7320813
39985.4841445
40111.6329383
40238.1797144
40365.1257284
40492.4722401
40620.2205128
40748.371814
40876.9274151
41005.8885918
41135.2566236
41265.032794
41395.2183907
41525.8147054
41656.8230336
41788.2446755
41920.0809349
42052.3331199
42185.0025426
42318.0905194
42451.5983709
42585.5274214
42719.879
42854.6544397
42989.8550777
43125.4822554
43261.5373184
43398.0216168
43534.9365047
43672.2833405
43810.0634871
43948.2783114
44086.9291847
44226.0174828
44365.5445857
44505.5118776
44645.9207475
44786.7725884
44928.0687977
45069.8107775
45211.9999342
45354.6376783
45497.7254251
45641.2645946
45785.2566107
45929.702902
46074.6049019
46219.964048
46365.7817825
46512.0595524
46658.7988087
46806.0010075
46953.6676096
47101.8000796
47250.3998875
47399.4685078
47549.0074193
47699.018106
47849.502056
48000.4607625
48151.8957234
48303.808441
48456.2004227
48609.0731806
48762.4282314
48916.2670965
49070.5913024
49225.4023803
49380.7018663
49536.4913012
49692.7722305
49849.5462053
50006.8147805
50164.5795169
50322.8419796
50481.6037392
50640.8663705
50800.6314538
50960.9005745
51121.6753224
51282.9572931
51444.7480864
51607.0493078
51769.8625677
51933.1894815
52097.0316694
52261.3907574
52426.2683759
52591.6661611
52757.585754
52924.0288008
53090.9969528
53258.4918667
53426.5152044
53595.0686331
53764.153825
53933.7724578
54103.9262145
54274.6167832
54445.8458577
54617.6151366
54789.9263244
54962.7811309
55136.1812707
55310.1284645
55484.6244382
55659.670923
55835.2696559
56011.422379
56188.1308401
56365.3967927
56543.2219951
56721.6082121
56900.5572136
57080.0707748
57281.7185308
57498.5809014
57716.2642896
57934.7718034
58154.1065628
58374.2717
58595.2703583
58817.1056938
59039.7808737
59263.2990776
59487.6634974
59712.8773362
59938.9438103
60165.8661477
60393.6475882
60622.2913847
60851.8008017
61082.1791164
61313.4296186
61545.55561
61778.5604052
62012.4473312
62247.2197278
62482.8809472
62719.4343546
62956.8833273
63195.231256
63434.4815444
63674.6376082
63915.7028767
64157.6807924
64400.57481
64644.388398
64889.125038
65134.7882243
65381.3814648
65628.9082804
65877.3722058
66126.7767885
66377.12559
66628.4221849
66880.6701613
67133.8731212
67388.0346803
67643.1584672
67899.2481252
68156.3073109
68414.3396946
68673.348961
68933.3388084
69194.3129492
69456.2751098
69719.2290305
69983.1784663
70248.1271862
70514.0789731
70781.0376245
71049.0069525
71317.9907832
71587.9929576
71859.0173309
72131.067773
72404.1481688
72678.262417
72953.4144323
73229.608143
73506.8474933
73785.1364417
74064.4789618
74344.8790424
74626.3406872
74908.8679153
75192.4647609
75477.1352734
75762.8835174
76049.7135733
76337.6295367
76626.6355188
76916.735646
77207.934061
77500.2349215
77793.6424014
78088.16069
78383.7939931
78680.5465316
78978.4225432
79277.4262809
79577.5620144
79878.8340291
80181.2466272
80484.8041263
80789.5108612
81095.3711829
81402.3894586
81710.5700721
82019.9174239
82330.4359312
82642.1300279
82955.0041647
83269.062809
83584.3104453
83900.7515748
84218.3907163
84537.2324049
84857.2811937
85178.5416522
85501.0183682
85824.7159461
86149.6390078
86475.792193
86803.1801586
87131.8075796
87461.6791486
87792.7995751
88125.173588
88458.8059326
88793.7013732
89129.8646915
89467.3006879
89806.0141802
90146.0100049
90487.2930169
90829.8680896
91173.740114
91518.9140009
91865.3946785
92213.1870945
92562.2962147
92912.7270243
93264.4845268
93617.5737451
93971.9997207
94327.7675146
94684.882207
95043.3488968
95403.1727025
95764.358762
96126.9122328
96490.838292
96856.1421353
97222.8289797
97590.9040605
97960.3726336
98331.2399746
98703.5113792
99077.192163
99452.2876615
99828.803231
100206.744248
100586.116108
100946.01797
101306.955229
101669.183036
102032.706006
102397.528769
102763.655974
103131.092284
103499.842379
103869.910958
104241.302735
104614.02244
104988.074823
105363.464647
105740.196696
106118.275767
106497.706678
106878.494263
107260.643371
107644.158872
108029.04565
108415.30861
108802.952671
109191.982771
109582.403867
109974.220932
110367.438958
110762.062953
111158.097945
111555.548978
111954.421117
112354.719442
112756.449052
113159.615066
113564.222619
113970.276865
114377.782977
114786.746147
115197.171584
115609.064516
116022.430192
116437.273875
116853.600852
117271.416425
117690.725919
118111.534672
118533.848048
118957.671425
119383.010202
119809.869798
120238.255651
120668.173218
121099.627975
121532.62542
121967.171067
122403.270452
122840.929132
123280.152681
123720.946695
124163.316788
124607.268596
125052.807775
125499.940001
125948.670969
126399.006396
126850.952018
127304.513593
127759.696899
128216.507735
128674.951919
129135.035292
129596.763715
130060.14307
130525.17926
130991.878208
131460.245861
131930.288184
132402.011166
132875.420815
133350.523164
133827.324263
134305.830187
134786.047031
135267.980914
135751.637974
136237.024373
136724.146293
137213.009942
137703.621545
138195.987353
138690.113638
139186.006696
139683.672842
140183.118417
140684.349784
141187.373327
141692.195454
142198.822597
142707.261209
143217.517767
143729.598772
144243.510746
144759.260237
145276.853815
145796.298074
146317.599629
146840.765123
147365.80122
147892.714608
148421.512001
148952.200133
149484.785765
150019.275683
150555.676695
151093.995634
151634.239357
152176.414748
152720.528712
153266.588182
153814.600113
154364.571487
154916.509309
155470.420611
156026.312449
156584.191905
157144.066085
157705.942121
158269.827172
158835.728421
159403.653076
159973.608373
160545.601572
161119.639959
161695.730848
162273.881577
162854.099512
163436.392043
164020.766588
164607.230592
165195.791526
165786.456888
166379.234202
166974.131018
167571.154917
168170.313502
168771.614408
169375.065293
169980.673845
170588.44778
171198.394839
171810.522792
172424.839438
173041.352602
173660.070138
174280.999928
174904.149881
175529.527937
176157.142062
176787.00025
177221.879111
177522.023513
177822.67624
178123.838157
178425.510123
178727.693003
179030.387663
179333.59497
179637.31579
179941.550994
180246.301454
180551.568041
180857.35163
181163.653097
181470.473318
181777.813174
182085.673542
182394.055304
182702.959345
183012.386547
183322.337798
183632.813986
183943.815998
184255.344726
184567.401061
184879.985897
185193.10013
185506.744656
185820.920372
186135.628179
186450.868978
186766.64367
187082.953162
187399.798357
187717.180165
188035.099492
188353.55725
188672.554351
188992.091709
189312.170237
189632.790852
189953.954473
190275.66202
190597.914414
190920.712576
191244.057431
191567.949907
191892.390929
192217.381428
192542.922333
192869.014576
193195.659092
193522.856816
193850.608684
194178.915635
194507.77861
194837.19855
195167.176399
195497.713099
195828.809601
196160.466849
196492.685795
196825.46739
197158.812585
197492.722338
197827.197602
198162.239338
198497.848501
198834.026056
199170.772962
199508.090187
199845.978695
200184.439454
200523.473432
200863.081601
201203.264933
201544.024403
201885.360985
202227.275658
202569.7694
202912.843193
203256.498017
203600.734859
203945.554703
204290.958536
204636.947348
204983.52213
205330.683874
205678.433572
206026.772224
206375.700823
206725.220373
207075.33187
207426.036319
207777.334725
208129.228091
208481.717427
208834.803743
209188.488047
209542.771355
209897.65468
210253.139038
210609.225446
210965.914927
211323.208499
211681.107186
212039.612013
212398.724008
212758.444196
213118.77361
213479.713282
213841.264243
214203.427529
214566.204179
214929.59523
215293.601722
215658.2247
216023.465206
216389.324285
216755.802988
217122.90236
217490.623456
217858.967327
218227.935028
218597.527615
218967.746148
219338.591686
219710.065291
220082.168026
220454.900958
220828.265153
221202.26168
221576.891612
221952.156019
222328.055978
222704.592564
223081.766854
223459.579931
223838.032874
224217.126769
224596.8627
224977.241755
225358.265023
225739.933595
226122.248565
226505.211025
226888.822074
227273.08281
227657.994332
228043.557745
228429.77415
228816.644655
229204.170367
229592.352394
229981.191851
230370.68985
230760.847505
231151.665934
231543.146256
231935.289593
232328.097067
232721.569802
233115.708926
233510.515568
233905.990857
234302.135927
234698.95191
235108.521541
235528.825333
235949.880502
236371.688392
236794.250349
237217.567721
237641.641857
238066.474111
238492.065839
238918.418396
239345.533145
239773.411448
240202.05467
240631.464177
241061.64134
241492.587532
241924.304126
242356.792501
242790.054035
243224.090112
243658.902116
244094.491434
244530.859455
244968.007572
245405.937179
245844.649673
246284.146454
246724.428925
247165.498488
247607.356552
248050.004528
248493.443824
248937.675857
249382.702046
249828.523808
250275.142565
250722.559744
251170.776772
251619.795077
252069.616093
252520.241253
252971.671998
253423.909766
253876.956
254330.812145
254785.47965
255240.959963
255697.25454
256154.364834
256612.292307
257071.038415
257530.604626
257990.992403
258452.203217
258914.238536
259377.099837
259840.788596
260305.306293
260770.654408
261236.834426
261703.847834
262171.696123
262640.380786
263109.903315
263580.265212
264051.467976
264523.513108
264996.402116
265470.136508
265944.717796
266420.147494
266896.427119
267373.558188
267851.542226
268330.380756
268810.075306
269290.627407
269772.038591
270254.310394
270737.444356
271221.442017
271706.304921
272192.034615
272678.632649
273166.100573
273654.439946
274143.652324
274633.739267
275124.702338
275616.543106
276109.263138
276602.864005
277097.347284
277592.714552
278088.967387
278586.107375
279084.136099
279583.055151
280082.866122
280583.570604
281085.170197
281587.6665
282091.061116
282595.355651
283100.551715
283606.650918
284113.654875
284621.565204
285130.383524
285640.11146
286150.750637
286662.302684
287174.769234
287688.151921
288202.452382
288717.672259
289233.813196
289750.876838
290268.864835
290787.77884
291307.620509
291828.391498
292350.09347
292872.728091
293396.297026
293920.801945
294446.244522
294972.626434
295499.94936
296028.214981
296557.424983
297087.581056
297618.684888
298150.738175
298683.742615
299217.699907
299752.611756
300288.479867
300825.30595
301363.091717
301901.838886
302441.549173
302982.224301
303523.865994
304066.475982
304610.055993
305154.607763
305700.133029
306246.633531
306794.111013
307342.567221
307892.003904
308442.422817
308993.825714
309546.214355
310099.590501
310653.955918
311209.312375
311712.540347
312084.034548
312455.97149
312828.3517
313201.175708
313574.444041
313948.15723
314322.315804
314696.920295
315071.971233
315447.469152
315823.414583
316199.808061
316576.650118
316953.941289
317331.682111
317709.873117
318088.514847
318467.607836
318847.152622
319227.149743
319607.59974
319988.50315
320369.860516
320751.672378
321133.939276
321516.661755
321899.840356
322283.475624
322667.568102
323052.118336
323437.126871
323822.594253
324208.521029
324594.907747
324981.754955
325369.063201
325756.833034
326145.065007
326533.759668
326922.917569
327312.539263
327702.625302
328093.176239
328484.19263
328875.675027
329267.623986
329660.040065
330052.923819
330446.275806
330840.096584
331234.386711
331629.146748
332024.377253
332420.078787
332816.251913
333212.897192
333610.015186
334007.60646
334405.671577
334804.211101
335203.225599
335602.715637
336002.681779
336403.124597
336804.044655
337205.442524
337607.318772
338009.673971
338412.508689
338815.823501
339219.618976
339623.895689
340028.654213
340433.895122
340839.61899
341245.826394
341652.51791
342059.694114
342394.550994
342394.551185
342394.551376
342394.551567
342394.551758
342394.551949
342394.55214
342394.552331
342394.552522
342394.552713
342394.552904
342394.553095
342394.553286
342394.553477
342394.553668
342394.553859
342394.55405
342394.554241
342394.554432
342394.554623
342394.554814
342394.555005
342394.555196
342394.555386
342394.555577
342394.555768
342394.555959
342394.55615
342394.556341
342394.556532
342394.556723
342394.556914
342394.557105
342394.557296
342394.557487
342394.557678
342394.557869
342394.55806
342394.558251
342394.558442
342394.558633
342394.558824
342394.559015
342394.559206
342394.559397
342394.559587
342394.559778
342394.559969
342394.56016
342394.560351
342394.560542
342394.560733
342394.560924
342394.561115
342394.561306
342394.561497
342394.561688
342394.561879
342394.56207
342394.562261
342394.562452
342394.562643
341219.686012
339511.960363
337812.781489
336122.106612
334439.893172
332766.098822
331100.681423
329443.599056
327794.810003
326154.272756
324521.946021
322897.788701
321281.759917
319673.818979
318073.925417
316482.03895
314898.119509
313322.127218
311754.022403
310193.765591
308641.317505
307096.639062
305559.691375
304030.435759
302508.833712
300994.846932
299488.437305
297989.566912
296498.198018
295014.29308
293537.814743
292068.725839
290606.989386
289152.568585
287705.426824
286265.527673
284832.834885
283407.312394
281988.924311
280577.634935
279173.408736
277776.210363
276386.004645
275002.756585
273626.431362
272256.99433
270894.411012
269538.647109
268189.668491
266847.4412
265511.931445
264183.105609
262860.930238
261545.372048
260236.397925
258933.974913
257638.070228
256348.651247
255065.685508
253789.140718
252518.984739
251255.185596
249997.711477
248746.530725
247501.611842
246262.92349
245030.434489
243804.11381
242583.930582
241369.854089
240161.853767
238959.899209
237763.960156
236574.0065
235390.008289
234211.935713
233039.759119
231873.448998
230712.975989
229558.31088
228409.424602
227266.288234
226128.873001
224997.150266
223871.091543
222750.668485
221635.852883
220526.616676
219422.93194
218324.770891
217232.105884
216144.909413
215063.154109
213986.81274
212915.858211
211850.263562
210790.001968
209735.046737
208685.371314
207640.949274
206601.754324
205567.760305
204538.941187
203515.271071
202496.724187
201483.274895
200474.897683
199471.567164
198473.258084
197479.945309
196491.603836
195508.208783
194529.735394
193556.159039
192587.455209
191623.599518
190664.567701
189710.335616
188760.879242
187816.174679
186876.198143
185940.925973
185010.334624
184084.400669
183163.100799
182246.411823
181334.310663
180426.774358
179523.780063
178625.305045
177731.326687
176881.644352
176170.264663
175461.745989
174756.076823
174053.245707
173353.241224
172656.052009
171961.666737
171270.074134
170581.262965
169895.222046
169211.940235
168531.406436
167853.609596
167178.538709
166506.18281
165836.530982
165169.572348
164505.296077
163843.691382
163184.747517
162528.453783
161874.79952
161223.774112
160575.366988
159929.567617
159286.365511
158645.750225
158007.711355
157372.238539
156739.321458
156108.949832
155481.113423
154855.802038
154233.005519
153612.713753
152994.916667
152379.604226
151766.766439
151156.393353
150548.475055
149943.001673
149339.963374
148739.350365
148141.152891
147545.361238
146951.96573
146360.95673
145772.32464
145186.059901
144602.152993
144020.594431
143441.374772
142864.484609
142289.914574
141717.655335
141147.697599
140580.032109
140014.649647
139451.541031
138890.697116
138332.108794
137775.766993
137221.662678
136669.786851
136120.130549
135572.684846
135027.440851
134484.38971
133943.522602
133404.830745
132868.30539
132333.937824
131801.719368
131271.64138
130743.695251
130217.872407
129694.164309
129172.562451
128653.058363
128135.643608
127620.309783
127107.048519
126595.851481
126086.710367
125579.616908
125074.56287
124571.540049
124070.540277
123571.555418
123074.577368
122579.598056
122086.609444
121595.603525
121106.572326
120619.507904
120134.402351
119651.247786
119170.036365
118690.760272
118213.411724
117737.982968
117264.466284
116792.853981
116323.138401
115855.311915
115389.366927
114925.295868
114463.091202
114002.745424
113544.251057
113087.600655
112632.786802
112179.802111
111728.639227
111279.290823
110831.749601
110386.008292
109942.059659
109499.896491
109059.511607
108620.897857
108184.048115
107748.955289
107315.612312
106884.012147
106454.147784
106026.012243
105599.59857
105174.89984
104751.909157
104330.619651
103911.02448
103493.116831
103076.889915
102662.336974
102249.451275
101838.226113
101428.654809
101020.730713
100614.447199
100209.797669
99806.7755525
99405.3743034
99005.5874033
98607.4083595
98210.8307057
97815.8480016
97422.4538322
97030.641809
96640.4055689
96251.7387747
95864.6351141
95479.0883007
95095.0920732
94712.6401952
94331.7264561
93952.3446693
93574.4886743
93198.152334
92823.3295373
92450.0141966
92078.2002494
91707.8816575
91339.0524068
90971.7065075
90605.8379939
90241.4409242
89878.5093807
89517.0374693
89157.0193198
88798.4490853
88441.3209425
88085.6290921
87731.3677571
87378.5311846
86954.3598808
86521.3934859
86090.5829333
85661.9174888
85235.3864712
84810.9792529
84388.6852587
83968.4939668
83550.3949067
83134.3776613
82720.4318645
82308.5472019
81898.7134109
81490.9202795
81085.157647
80681.415403
80279.6834874
79879.9518903
79482.2106516
79086.4498611
78692.6596575
78300.8302286
77910.9518116
77523.0146917
77137.0092029
76752.925727
76370.7546937
75990.4865808
75612.111913
75235.6212627
74861.0052486
74488.2545363
74117.3598387
73748.3119135
73381.1015656
73015.7196452
72652.1570481
72290.4047152
71930.4536333
71572.2948333
71215.919391
70861.3184263
70508.4831043
70157.4046329
69808.0742646
69460.4832951
69114.6230635
68770.484952
68428.060386
68087.3408331
67748.3178038
67410.9828507
67075.3275681
66741.3435929
66409.0226033
66078.3563188
65749.3365002
65421.9549491
65096.2035088
64772.0740619
64449.5585327
64128.6488848
63809.3371222
63491.6152887
63175.4754674
62860.9097816
62547.9103928
62236.4695023
61926.5793499
61618.232214
61311.4204118
61006.1362985
60702.3722671
60400.1207489
60099.3742127
59800.125165
59502.3661493
59206.0897463
58911.2885739
58617.9552866
58326.0825752
58035.6631675
57746.6898267
57459.1553529
57173.0525816
56888.3743836
56605.1136661
56323.2633709
56042.8164753
55763.7659912
55486.1049657
55209.8264805
54934.9236513
54661.3896286
54389.2175967
54118.4007739
53848.9324125
53580.8057979
53314.0142494
53048.5511193
52784.4097931
52521.5836892
52260.066259
51999.850986
51740.9313867
51483.3010095
51226.9534351
50971.8822762
50718.081177
50465.5438138
50214.2638939
49964.2351566
49715.4513715
49467.9063402
49221.5938941
48976.5078962
48732.6422397
48489.9908481
48248.5476755
48008.3067056
47769.2619526
47531.4074601
47291.5544236
47037.9673496
46785.7400617
46534.8652685
46285.3357179
46037.1441962
45790.2835286
45544.7465789
45300.526249
45057.6154788
44816.0072464
44575.6945672
44336.6704941
44098.9281175
43862.4605645
43627.2609993
43393.3226228
43160.6386721
42929.2024208
42699.0071784
42470.0462903
42242.3131379
42015.8011376
41790.5037414
41566.4144363
41343.5267443
41121.8342221
40901.3304609
40682.0090864
40463.8637584
40246.8881707
40031.0760508
39816.4211601
39602.9172932
39390.5582781
39179.3379758
38969.2502803
38760.2891185
38552.4484496
38345.7222652
38140.1045893
37935.5894777
37732.1710184
37529.8433309
37328.6005662
37128.4369066
36929.346566
36731.3237888
36534.3628507
36338.4580577
36143.6037467
35949.7942847
35757.024069
35565.287527
35374.5791159
35184.8933226
34996.2246638
34808.5676852
34621.9169621
34436.2670986
34251.6127281
34067.9485123
33885.269142
33703.5693362
33522.8438422
33343.0874357
33164.29492
32986.4611267
32809.580915
32633.6491714
32458.6608102
32284.6107727
32111.4940274
31939.3055697
31768.0404221
31597.6936336
31428.2602797
31259.7354625
31092.1143101
30925.3919769
30759.5636432
30594.6245153
30430.5698251
30267.3948299
30105.0948128
29943.6650818
29783.1009703
29623.3978367
29464.5510643
29306.5560611
29149.4082598
28993.1031173
28837.6361152
28683.0027594
28529.1985795
28376.2191293
28224.0599865
28072.7167524
27922.185052
27772.4605337
27623.5388691
27475.4157532
27328.0869039
27181.5480625
27035.7949925
26890.8234807
26746.6293357
26603.2083899
26460.5564966
26318.6695321
26177.543395
26037.1740051
25897.5573046
25758.689258
25624.6292085
25502.4900881
25380.9331404
25259.9555912
25139.5546778
25019.7276523
24900.471779
24781.7843358
24663.6626135
24546.1039148
24429.105557
24312.6648686
24196.7791914
24081.4458807
23966.6623029
23852.425838
23738.7338784
23625.5838281
23512.9731047
23400.8991377
23289.359368
23178.3512496
23067.872249
22957.919843
22848.4915228
22739.5847892
22631.1971572
22523.326152
22415.9693109
22309.124183
22202.7883301
22096.9593242
21991.6347494
21886.8122015
21782.489287
21678.6636256
21575.3328463
21472.4945901
21370.14651
21268.2862692
21166.9115427
21066.0200163
20965.6093865
20865.6773613
20766.2216596
20667.2400109
20568.7301556
20470.6898449
20373.1168404
20276.0089157
20179.3638528
20083.1794464
19987.4535002
19892.1838294
19797.3682591
19703.0046244
19609.0907718
19515.6245566
19422.6038461
19330.0265163
19237.890454
19146.1935557
19054.933728
18964.1088882
18873.7169625
18783.7558875
18694.2236095
18605.1180849
18516.4372793
18428.1791686
18340.341738
18252.9229817
18165.9209051
18079.3335214
17993.158854
17907.394936
17822.0398097
17737.0915261
17652.5481463
17571.6180323
17496.2379856
17421.1813103
17346.4466183
17272.032529
17197.9376671
17124.1606625
17050.7001524
16977.5547784
16904.7231891
16832.2040382
16759.9959853
16688.0976959
16616.5078412
16545.2250983
16474.2481491
16403.5756824
16333.2063916
16263.1389765
16193.3721415
16123.9045978
16054.7350611
15985.862253
15917.2849006
15849.0017367
15781.0114989
15713.3129307
15645.9047811
15578.7858038
15511.9547586
15445.4104103
15379.1515288
15313.1768899
15247.4852736
15182.0754664
15116.946259
15052.0964478
14987.5248342
14923.2302247
14859.211431
14795.4672701
14731.9965636
14668.7981385
14605.8708268
14543.2134652
14480.8248961
14418.7039661
14356.849527
14295.2604359
14233.9355541
14172.8737487
14112.0738906
14051.5348563
13991.2555269
13931.2347883
13871.4715312
13811.9646509
13752.7130479
13693.7156267
13634.971297
13576.4789734
13518.2375743
13460.2460238
13402.5032496
13345.0081846
13287.7597666
13230.7569369
13173.9986422
13117.4838336
13061.2114664
13005.1805007
12949.3899007
12893.8386356
12838.5256785
12783.450007
12728.6106031
12674.0064536
12619.6365489
12565.4998845
12511.5954594
12457.9222778
12404.4793473
12351.2656804
12298.2802934
12245.522207
12192.9904463
12140.6840403
12088.6020222
12043.817185
12002.0273133
11960.3824449
11918.8820766
11877.5257072
11836.3128369
11795.2429677
11754.3156037
11713.5302502
11672.8864145
11632.3836056
11592.0213341
11551.7991124
11511.7164546
11471.7728763
11431.9678951
11392.30103
11352.7718017
11313.3797327
11274.1243471
11235.0051706
11196.0217305
11157.173556
11118.4601777
11079.8811277
11041.4359401
11003.1241504
10964.9452957
10926.8989146
10888.9845476
10851.2017367
10813.5500254
10776.0289587
10738.6380832
10701.3769473
10664.245101
10627.2420953
10590.3674835
10553.6208198
10517.0016606
10480.5095631
10444.1440867
10407.9047918
10371.7912408
10335.8029973
10299.9396265
10264.2006952
10228.5857714
10193.094425
10157.7262272
10122.4807506
10087.3575696
10052.3562596
10017.4763978
9982.71756288
9948.07933477
9913.56129505
9879.16302677
9844.88411431
9810.72414341
9776.68270148
9742.75937718
9708.95376066
9675.26544359
9641.69401885
9608.23908091
9574.90022562
9541.67705008
9508.56915301
9475.57613437
9442.69759548
9409.93313923
9377.2823697
9344.74489251
9312.32031442
9280.00824384
9247.80829027
9215.72006469
9183.74317951
9151.87724835
9120.12188616
9088.4767094
9056.94133571
9025.51538404
8994.19847471
8962.99022949
8931.89027117
8900.89822418
8870.01371394
8839.23636734
8808.56581267
8778.00167921
8747.54359782
8717.19120047
8686.94412048
8656.8019923
8626.76445199
8596.83113642
8567.00168413
8537.27573463
8507.65292879
8478.13290878
8448.71531787
8419.39980071
8390.18600307
8361.0735721
8332.06215594
8303.15140418
8274.34096751
8245.63049786
8217.01964841
8188.50807335
8160.09542839
8131.78137016
8103.56555656
8075.44764675
8047.42730104
8019.50418088
7991.67794888
7963.94826891
7936.31480591
7908.77722603
7881.33519654
7853.98838602
7826.73646395
7799.57910116
7772.51596948
7745.54674198
7718.67109285
7691.88869737
7665.19923201
7638.60237421
7612.09780276
7585.68519735
7559.36423891
7533.13460944
7506.9959921
7480.94807101
7454.9905315
7429.12305998
7403.34534391
7377.65707186
7352.05793351
7326.5476195
7301.1258217
7275.79223293
7250.54654719
7225.3884594
7200.31766563
7168.48347019
7132.60686761
7096.90981914
7061.39142613
7026.05079445
6990.88703447
6955.89926099
6921.0865932
6886.4481548
6851.98307379
6817.6904825
6783.5695177
6749.61932046
6715.83903613
6682.2278143
6648.78480886
6615.50917797
6582.40008387
6549.4566931
6516.67817646
6484.0637087
6451.61246876
6419.32363983
6387.19640902
6355.22996752
6323.42351072
6291.77623786
6260.28735233
6228.95606134
6197.78157628
6166.76311226
6135.89988847
6105.19112801
6074.63605779
6044.2339086
6013.98391519
5983.88531596
5953.93735333
5924.13927327
5894.49032569
5864.98976431
5835.63684638
5806.43083299
5777.370989
5748.45658277
5719.68688649
5691.06117591
5662.57873033
5634.23883284
5606.04077
5577.98383194
5550.06731234
5522.29050847
5494.65272112
5467.15325448
5439.79141629
5412.56651781
5385.47787366
5358.52480187
5331.70662402
5305.02266493
5278.47225289
5252.05471949
5225.76939981
5199.61563201
5173.59275779
5147.70012204
5121.93707299
5096.30296198
5070.79714382
5045.41897636
5020.16782077
4995.04304136
4970.04400568
4945.17008438
4920.42065132
4895.79508345
4871.29276085
4846.91306669
4822.65538729
4798.51911195
4774.50363308
4750.60834617
4726.83264961
4703.17594492
4679.63763659
4656.21713204
4632.91384169
4609.72717895
4586.65656008
4563.70140432
4540.86113381
4518.13517355
4495.52295152
4473.0238984
4450.63744783
4428.36303628
4406.20010304
4384.14809013
4362.20644244
4340.37460762
4318.6520361
4297.03818104
4275.53249833
4254.13444656
4232.84348711
4211.65908399
4190.5807039
4169.60781624
4148.73989303
4127.97640898
4107.31684133
4086.76067004
4066.30737766
4045.95644925
4025.70737256
4005.55963781
3985.51273781
3965.56616792
3945.71942598
3925.97201242
3906.32343009
3886.77318436
3867.32078311
3847.96573661
3828.70755766
3809.54576143
3790.47986557
3771.50939013
3752.63385752
3733.85279256
3715.94986387
3702.15461229
3688.41057479
3674.71756127
3661.07538226
3647.48384905
3633.94277366
3620.45196871
3607.01124761
3593.62042443
3580.27931392
3566.98773149
3553.74549333
3540.55241621
3527.40831764
3514.31301579
3501.26632948
3488.26807827
3475.31808232
3462.41616248
3449.5621403
3436.75583791
3423.99707822
3411.28568467
3398.62148146
3386.00429337
3373.43394588
3360.91026508
3348.43307773
3336.00221123
3323.61749362
3311.27875355
3298.98582034
3286.73852397
3274.53669496
3262.38016456
3250.26876458
3238.20232749
3226.18068635
3214.20367486
3202.27112734
3190.38287873
3178.53876456
3166.73862099
3154.98228478
3143.26959329
3131.6003845
3119.97449699
3108.39176991
3096.85204305
3085.35515677
3073.90095202
3062.48927035
3051.11995389
3039.79284537
3028.5077881
3017.26462596
3006.06320341
2994.90336551
2983.78495787
2972.70782668
2961.6718187
2950.67678128
2939.72256229
2928.80901024
2917.93597411
2907.10330351
2896.31084858
2885.55846002
2874.84598909
2864.1732876
2853.5402079
2842.94660291
2832.39232606
2821.87723136
2811.40117335
2800.96400712
2790.56558827
2780.20577294
2769.88441785
2759.60138019
2749.35651772
2739.14968872
2728.98075199
2718.84956686
2708.75599317
2698.6998913
2688.68112213
2678.69954707
2668.75502804
2658.84742746
2648.97660829
2639.14243397
2629.34476846
2619.58347622
2609.85842223
2600.16947194
2590.51649132
2580.89934684
2571.31790547
2561.77203464
2552.26160232
2542.78647694
2533.34652741
2523.94162316
2514.57163408
2505.23643055
2495.93588342
2486.66986405
2477.43824425
2468.2408963
2459.07769298
2449.94850753
2440.85321367
2431.91083374
2423.61200674
2415.34149924
2407.09921461
2398.88505655
2390.69892907
2382.54073653
2374.41038358
2366.30777522
2358.2328168
2350.18541394
2342.16547262
2334.17289912
2326.20760005
2318.26948234
2310.35845323
2302.47442028
2294.61729138
2286.78697471
2278.98337876
2271.20641237
2263.45598466
2255.73200507
2248.03438333
2240.36302951
2232.71785397
2225.09876738
2217.5056807
2209.93850522
2202.39715251
2194.88153445
2187.39156323
2179.92715132
2172.48821151
2165.07465687
2157.68640078
2150.32335689
2142.98543919
2135.67256193
2128.38463965
2121.1215872
2113.88331972
2106.66975261
2099.4808016
2092.31638269
2085.17641215
2078.06080655
2070.96948276
2063.90235792
2056.85934943
2049.84037502
2042.84535265
2035.87420061
2028.92683741
2022.00318191
2015.10315318
2008.2266706
2001.37365383
1994.54402278
1987.73769765
1980.95459892
1974.19464732
1967.45776387
1960.74386984
1954.05288678
1947.38473651
1940.73934112
1934.11662295
1927.51650462
1920.93890901
1914.38375926
1907.85097876
1901.34049121
1894.8522205
1888.38609083
1881.94202666
1875.51995266
1869.11979381
1862.74147532
1856.38492267
1850.05006157
1843.73681801
1837.4451182
1831.17488865
1824.92605609
1818.69854748
1812.49229007
1806.30721134
1800.14323902
1794.00030108
1787.87832574
1781.77724146
1775.69697697
1769.6374612
1763.59862337
1757.58039289
1751.58269946
1738.73217188
1722.88376915
1707.17982333
1691.6190177
1676.20004754
1660.92162006
1645.7824542
1630.78128061
1615.9168415
1601.18789054
1586.59319278
1572.13152451
1557.80167316
1543.60243725
1529.53262623
1515.59106039
1501.7765708
1488.08799916
1474.52419773
1461.08402926
1447.76636683
1434.57009382
1421.49410376
1408.53730029
1395.69859703
1382.97691752
1370.37119508
1357.88037278
1345.50340331
1333.23924892
1321.08688129
1309.04528152
1297.11343994
1285.29035613
1273.57503878
1261.96650559
1250.46378325
1239.06590728
1227.77192202
1216.58088053
1205.49184447
1194.50388408
1183.61607806
1172.8275135
1162.13728583
1151.54449873
1141.04826402
1130.64770163
1120.34193953
1110.13011361
1100.01136766
1089.98485326
1080.04972972
1070.20516403
1060.45033076
1050.784412
1041.20659731
1031.71608362
1022.31207519
1012.99378354
1003.76042736
994.611232472
985.545431753
976.562265077
967.660979231
958.840827887
950.101071509
941.440977299
932.859819142
924.356877552
915.931439579
907.582798789
899.310255192
891.113115151
882.990691379
874.942302839
866.967274709
859.064938317
851.234631077
843.475696451
835.787483885
828.169348757
820.620652309
813.14076162
805.729049526
798.384894586
791.107681025
782.198204597
767.523070312
753.123262094
738.993614469
725.129058823
711.524621667
698.175422815
685.076673641
672.223675351
659.611817321
647.236575412
635.093510385
623.178266274
611.486568838
600.014224025
588.757116471
577.711208036
566.872536312
556.237213261
545.801423769
535.561424316
525.513541594
515.654171234
505.979776474
496.486886919
487.172097268
478.032066129
469.063514772
460.263226011
451.628042998
443.154868113
434.840661862
426.68244177
418.677281318
410.822308895
403.11470676
395.551710038
388.130605731
380.84873174
373.703475909
366.692275087
359.812614218
353.062025425
346.43808714
339.938423215
333.560702091
327.302635952
321.161979903
315.136531168
309.224128292
303.422650374
297.730016317
292.144184046
286.663149818
281.28494747
276.007647736
270.829357535
265.748219317
260.762410372
255.870142189
251.069659808
246.359241207
241.737196656
237.201868139
232.751628737
228.384882063
224.100061674
219.895630522
215.770080387
211.721931355
207.483885245
203.136459557
198.880125812
194.712975354
190.633139519
186.638788794
182.728132003
178.899415506
175.150922394
171.480971747
167.887917855
164.370149497
160.926089207
157.554192574
154.252947551
151.020873765
147.856521868
144.758472878
141.725337545
138.755755728
135.848395787
133.00195398
130.215153884
127.486745824
124.815506307
122.200237476
119.63976657
117.132945408
114.678649862
112.275779356
109.923256382
107.620025998
105.365055378
103.15733333
100.99586985
98.8796956787
96.8078618669
94.7794393472
92.7935185187
90.8492088414
88.945638434
87.0819536812
85.2573188585
83.4709157478
81.721943278
80.0096171627
78.3331695463
76.6918486652
75.0849185053
73.5116584761
71.971363084
70.4633416194
68.9869178433
67.5414296872
66.1262289551
64.7406810319
63.3841646001
62.0560713607
60.7558057601
59.4827847237
58.2364373951
57.0162048761
55.8215399834
54.6519069947
53.5067814153
52.3856497398
51.2880092218
50.2133676493
49.1612431238
48.1311638437
47.1226678934
46.1353030356
45.1686265094
44.2222048298
43.295613596
42.3884372995
41.5002691369
40.6307108295
39.7793724438
38.9458722164
38.1298363826
37.3308990102
36.5487018336
35.7828940938
35.0331323824
34.2990804853
33.5804092333
32.8767963553
32.1879263314
31.513490254
30.853185687
30.2067165318
29.5737928946
28.9541309545
28.3474528383
27.753486495
27.1934007061
26.6467918582
26.1111702801
25.5863151192
25.0720099617
24.5680427447
24.0742056669
23.5902951048
23.1161115273
22.6514594146
22.1961471765
21.7499870744
21.312795143
20.884391115
20.4645983465
20.0532437446
19.6501576951
19.2551739939
18.8681297774
18.4888654555
18.1172246461
17.753054111
17.3962036912
17.0465262471
16.7038775959
16.3681164534
16.0391043754
15.7167057001
15.400787493
15.0912194916
14.7878740516
14.4906260948
14.199353057
13.9139348374
13.6342537495
13.3601944727
13.0916440038
12.8284916116
12.5706287907
12.3179492161
12.0703487008
11.8277251514
11.5899785272
11.3570107981
11.1287259045
10.9050297176
10.685830001
10.4710363719
10.2605602644
10.0543148931
9.85221521686
9.65417790377
9.46012129727
9.26996538187
9.08363175076
8.9010435728
8.72212556157
8.54680394386
8.37500642918
8.20666218034
8.04170178396
7.88005722194
7.7216618433
7.56645033706
7.41435870473
7.26532423451
7.11928547486
6.97618220968
6.8359554333
6.71484773792
6.63302873458
6.55220667854
6.47236942221
6.39350496602
6.3156014566
6.23864718501
6.16263058497
6.08754023115
6.01336483751
5.94009325536
5.86771447206
5.79621760878
5.72559191994
5.65582679006
5.58691173358
5.51883639262
5.45159053521
5.38516405428
5.31954696617
5.25472940851
5.1907016391
5.12745403442
5.0649770887
5.00326141116
4.94229772622
4.88207687078
4.82258979388
4.76382755455
4.70578132052
4.64844236784
4.59180207813
4.53585193824
4.48058353922
4.42598857386
4.37205883664
4.31878622199
4.2661627227
4.21418042973
4.16283153021
4.11210830605
4.06200313362
4.01250848239
3.96361691277
3.91532107684
3.86761371524
3.82048765801
3.77393582182
3.72795120985
3.68252691055
3.63765609696
3.59333202475
3.54954803199
3.50629753794
3.46357404189
3.42137112285
3.37968243742
3.3385017197
3.29782278046
3.25763950544
3.2179458552
3.17873586378
3.14000363776
3.10174335573
3.06394926721
3.0266156917
2.98973701792
2.95330770299
2.91732227147
2.88177531506
2.84666149059
2.81197552081
2.77771219218
2.74386635505
2.71043292233
2.67740686882
2.64478323094
2.61255710503
2.5807236478
2.54927807452
2.51821565895
2.48753173232
2.45722168281
2.42728095493
2.39770504849
2.36848951821
2.33962997299
2.31112207526
2.28296154025
2.25514413543
2.22766567987
2.20052204335
2.17370914648
2.14722295903
2.12105950013
2.09521483752
2.07198747779
2.05660458006
2.04133588843
2.026180555
2.01113773811
1.9962066025
1.98138631891
1.96667606444
1.95207502223
1.93758238135
1.92319733713
1.90891909065
1.89474684907
1.88067982539
1.86671723842
1.8528583128
1.83910227893
1.82544837299
1.81189583663
1.79844391737
1.78509186814
1.77183894754
1.75868441952
1.74562755371
1.73266762495
1.7198039136
1.70703570532
1.69436229108
1.68178296709
1.66929703481
1.65690380091
1.64460257709
1.63239268032
1.62027343258
1.6082441608
1.59630419707
1.58445287824
1.57268954629
1.56101354791
1.54942423479
1.53792096329
1.52650309465
1.51516999481
1.50392103445
1.49275558887
1.48167303807
1.47067276659
1.45975416356
1.44891662271
1.43815954217
1.42748232459
1.41688437707
1.40636511105
1.39592394246
1.38556029141
1.37527358241
1.36506324424
1.35492870991
1.34486941662
1.33488480576
1.3249743229
1.31513741767
1.30537354381
1.29568215916
1.28606272547
1.27651470865
1.2670375784
1.25763080849
1.24829387656
1.23902626409
1.22982745642
1.22069694278
1.2116342161
1.20263877313
1.19371011433
1.1848477439
1.17605116969
1.16731990321
1.15865345958
1.15005135758
1.14151311949
1.13303827121
1.12462634208
1.116276865
1.10798937629
1.09976341576
1.0915985266
1.08349425537
1.07545015208
1.06746577002
1.05954066578
1.0516743993
1.04386653372
1.03611663549
1.02842427422
1.02078902278
1.01321045714
1.00568815645
0.998221703019
0.990810682199
0.98345468246
0.976153295295
0.968906115255
0.961712739909
0.95457276978
0.947485808383
0.940451462185
0.933469340539
0.92653905571
0.919660222867
0.912832460022
0.906055388014
0.899328630486
0.892651813919
0.886925885058
0.882407770363
0.877912671536
0.873440471321
0.868991053068
0.864564300713
0.860160098815
0.855778332489
0.851418887455
0.847081649985
0.842766506961
0.838473345824
0.834202054617
0.829952521904
0.825724636868
0.821518289218
0.817333369254
0.813169767798
0.809027376277
0.804906086615
0.800805791345
0.796726383504
0.7926677567
0.788629805057
0.784612423261
0.780615506516
0.77663895059
0.772682651747
0.768746506811
0.764830413093
0.760934268458
0.7570579713
0.753201420487
0.749364515438
0.745547156085
0.741749242857
0.73797067668
0.734211359009
0.730471191783
0.726750077448
0.723047918955
0.719364619729
0.715700083705
0.712054215306
0.708426919423
0.704818101458
0.701227667276
0.697655523222
0.694101576133
0.690565733306
0.687047902525
0.683547992018
0.680065910516
0.67660156718
0.67315487165
0.669725734038
0.666314064894
0.662919775226
0.659542776512
0.656182980666
0.652840300051
0.649514647476
0.646205936212
0.642914079943
0.639638992821
0.636380589409
0.633138784722
0.629913494213
0.626704633741
0.623512119623
0.620335868582
0.617175797775
0.614031824767
0.610903867574
0.607791844588
0.604695674655
0.601615277008
0.598550571301
0.595501477604
0.59246791638
0.589449808508
0.586447075263
0.583459638335
0.580487419788
0.577530342108
0.574588328162
0.571661301215
0.568749184925
0.565851903322
0.562969380851
0.56010154232
0.557248312924
0.554409618246
0.551585384247
0.548775537261
0.545980003995
0.543198711538
0.540431587342
0.537678559231
0.534939555397
0.532214504409
0.529503335177
0.526805976992
0.524122359495
0.52145241269
0.51879606694
0.516153252958
0.513523901814
0.510907944917
0.508305314046
0.505715941309
0.503139759169
0.500576700433
0.498026698253
0.495489686109
0.492965597832
0.490454367585
0.487955929869
0.485470219517
0.482997171696
0.480536721894
0.478088805943
0.47565335999
0.473230320515
0.470819624315
0.468421208511
0.466035010543
0.463660968178
0.46129901949
0.458949102873
0.456611157032
0.454285120989
0.451970934074
0.449668535923
0.447377866488
0.445098866018
0.442831475067
0.440575634499
0.438331285473
0.436098369452
0.433876828191
0.431666603748
0.429467638475
0.427279875012
0.425103256294
0.422937725559
0.420783226314
0.418639702362
0.416507097802
0.414385357003
0.412274424622
0.410174245605
0.40808476517
0.406005928819
0.403937682326
0.40187997175
0.399832743414
0.397795943922
0.395769520151
0.393753419243
0.391747588611
0.389751975941
0.387766529176
0.385791196538
0.383825926494
0.381870667788
0.379925369427
0.377989980662
0.376064451016
0.374148730269
0.372242768449
0.370346515845
0.368459922997
0.366582940692
0.364715519978
0.362910613856
0.361381570599
0.359858969626
0.358342783794
0.356832986076
0.355329549555
0.353832447427
0.352341653009
0.350857139722
0.3493788811
0.347906850794
0.346441022561
0.344981370269
0.343527867896
0.342080489537
0.34063920938
0.339204001739
0.337774841026
0.336351701767
0.334934558586
0.333523386224
0.332118159524
0.330718853434
0.329325443009
0.327937903409
0.326556209899
0.325180337849
0.32381026273
0.322445960117
0.32108740569
0.319734575231
0.318387444622
0.317045989848
0.315710186998
0.314380012254
0.313055441907
0.311736452344
0.310423020049
0.309115121609
0.307812733711
0.306515833133
0.305224396758
0.303938401563
0.302657824622
0.301382643111
0.300112834291
0.298848375528
0.297589244282
0.296335418108
0.29508687465
0.293843591653
0.292605546951
0.291372718477
0.290145084252
0.288922622392
0.287705311101
0.286493128682
0.285286053525
0.28408406411
0.28288713901
0.281695256889
0.2805083965
0.279326536681
0.278149656366
0.276977734577
0.275810750417
0.274648683088
0.273491511871
0.272339216137
0.271191775347
0.270049169042
0.268911376856
0.267778378504
0.266650153788
0.265526682598
0.264407944903
0.263293920761
0.262184590313
0.261079933782
0.259979931477
0.258884563786
0.257793811183
0.256707654225
0.255626073548
0.25454904987
0.253476563993
0.252408596796
0.251345129242
0.250286142373
0.249231617309
0.248181535252
0.247135877483
0.246094625362
0.245057760322
0.244025263886
0.242997117643
0.241973303266
0.240953802504
0.23993859718
0.2389276692
0.23792100054
0.236918573255
0.235920369475
0.234926371403
0.233936561323
0.232950921586
0.231969434626
0.23099208294
0.230018849111
0.229049715785
0.228084665687
0.227123681614
0.226166746434
0.225213843088
0.224264954587
0.223320064019
0.222379154535
0.221442209366
0.220509211807
0.219580145226
0.21865499306
0.217733738818
0.216816366075
0.215902858479
0.214993199745
0.214087373655
0.213185364062
0.212287154886
0.211392730116
0.210502073806
0.209615170077
0.208732003121
0.207852557193
0.206976816614
0.206104765774
0.205236389126
0.204371671191
0.203510596552
0.20265314986
0.201799315829
0.200949079239
0.200102424932
0.199259337814
0.198419802856
0.197583805093
0.19675132962
0.195922361599
0.195096886249
0.194274888856
0.193456354767
0.19264126939
0.191829618194
0.19102138671
0.190216560529
0.189415125305
0.18861706675
0.187822370637
0.1870310228
0.186243009132
0.185458315585
0.184676928168
0.183898832955
0.183124016072
0.182352463709
0.18158416211
0.180819097579
0.180057256478
0.179298625224
0.178543190295
0.177790938224
0.177041855599
0.176295929067
0.175553145331
0.17481349115
0.174076953338
0.173343518763
0.172613174352
0.171885907086
0.171161703998
0.170440552179
0.169722438773
0.169007350979
0.168295276048
0.167586201286
0.166880114054
0.166177001763
0.16547685188
0.164779651923
0.164085389463
0.163394052123
0.16270562758
0.162020103561
0.161337467844
0.160657708263
0.159980812696
0.159306769079
0.158635565396
0.157967189679
0.157301630016
0.156638874539
0.155978911437
0.155321728942
0.154667315339
0.154015658963
0.153366748196
0.15272057147
0.152077117267
0.151436374116
0.150798330592
0.150162975324
0.149530296983
0.148900284293
0.148272926021
0.147648210984
0.147026128045
0.146406666114
0.145789814148
0.145175561152
0.144563896173
0.143954808309
0.143348286702
0.142744320538
0.142142899052
0.141544011521
0.140947647271
0.140353795669
0.139762446128
0.139173588107
0.138587211109
0.13800330468
0.137421858411
0.136842861937
0.136266304936
0.13569217713
0.135120468283
0.134551168205
0.133984266746
0.133419753801
0.132857619305
0.132297853238
0.131740445622
0.131185386518
0.130632666033
0.130082274312
0.129534201546
0.128988437962
0.128485619159
0.12800332416
0.127522839546
0.127044158522
0.126567274318
0.126092180188
0.125618869413
0.1251473353
0.124677571179
0.124209570406
0.123743326363
0.123278832454
0.122816082111
0.122355068789
0.121895785966
0.121438227149
0.120982385865
0.120528255667
0.120075830133
0.119625102863
0.119176067482
0.118728717641
0.118283047012
0.117839049291
0.1173967182
0.116956047482
0.116517030904
0.116079662258
0.115643935358
0.11520984404
0.114777382167
0.114346543621
0.113917322308
0.113489712158
0.113063707124
0.112639301179
0.112216488323
0.111795262575
0.111375617977
0.110957548593
0.110541048512
0.110126111843
0.109712732717
0.109300905287
0.108890623729
0.108481882241
0.10807467504
0.107668996369
0.107264840488
0.106862201684
0.10646107426
0.106061452543
0.105663330882
0.105266703646
0.104871565224
0.10447791003
0.104085732494
0.10369502707
0.103305788234
0.102918010478
0.102531688319
0.102146816294
0.101763388958
0.101381400889
0.101000846684
0.100621720961
0.100244018358
0.099867733533
0.0994928611642
0.0991193959495
0.0987473326065
0.0983766658737
0.0980073905084
0.0976395012879
0.0972729930086
0.0969078604876
0.0965440985604
0.0961817020819
0.0958206659271
0.0954609849894
0.095102654182
0.094745668437
0.094390022705
0.0940357119568
0.0936827311805
0.0933310753839
0.092980739594
0.0926317188553
0.0922840082319
0.091937602806
0.0915924976778
0.091248687967
0.0909061688109
0.090564935365
0.0902249828031
0.0898863063172
0.0895489011173
0.0892127624315
0.0888778855058
0.0885442656035
0.0882118980066
0.0878807780142
0.087550900943
0.0872222621277
0.0868948569202
0.0865686806897
0.0862437288231
0.0859199967248
0.0855974798159
0.0852761735351
0.0849560733381
0.0846371746974
0.0843194731029
0.0840029640613
0.0836876430961
0.0833735057474
0.0830605475727
0.0827487641454
0.0824381510558
0.0821287039115
0.081820418335
0.0815132899667
0.0812073144625
0.0809024874951
0.0805988047534
0.0802962619419
0.079994854782
0.0796945790106
0.0793954303811
0.0790974046622
0.0788004976392
0.0785047051126
0.078210022899
0.0779164468308
0.0776239727555
0.077332596537
0.0770423140539
0.076753121201
0.0764650138879
0.07617798804
0.0758920395977
0.0756071645168
0.0753233587682
0.0750406183381
0.0747589392274
0.0744783174524
0.0741987490442
0.0739202300487
0.0736427565267
0.0733663245539
0.0730909302207
0.072816569632
0.0725432389075
0.0722709341814
0.0719996516026
0.0717293873339
0.0714601375532
0.0711918984523
0.0709246662375
0.0706584371291
0.070393207362
0.0701289731847
0.0698657308603
0.0696034766656
0.0693422068914
0.0690819178426
0.0688226058378
0.0685642672095
0.0683068983041
0.0680504954813
0.0677950551149
0.0675405735919
0.0672870473135
0.0670344726937
0.0667828461603
0.0665321641546
0.0662824231311
0.0660336195577
0.0657857499153
0.0655388106983
0.0652927984143
0.0650477095838
0.0648035407405
0.0645602884309
0.0643179492146
0.0640765196645
0.0638359963656
0.0635963759163
0.0633576549275
0.063119830023
0.0628828978389
0.0626468550246
0.0624116982416
0.0621774241639
0.061944029478
0.0617115108832
0.0614798650907
0.0612490888244
0.0610191788203
0.0607901318267
0.0605619446042
0.0603346139256
0.0601081365755
0.0598825093509
0.0596577290605
0.0594337925253
0.0592106965782
0.0589884380637
0.0587670138386
0.0585464207711
0.058326655741
0.0581077156407
0.057889597373
0.0576722978536
0.0574558140089
0.0572401427771
0.057025281108
0.0568112259625
0.0565979743136
0.0563855231448
0.0561738694516
0.0559630102404
0.055752942529
0.0555436633464
0.0553351697327
0.0551274587391
0.0549205274278
0.0547143728722
0.0545089921567
0.0543043823764
0.0541005406374
0.0538974640568
0.0536951497626
0.0534935948931
0.053292796598
0.0530927520369
0.052893458381
0.0526949128113
0.0524971125199
0.0523000547091
0.052103736592
0.051908155392
0.0517133083428
0.0515191926889
0.0513258056847
0.0511331445949
0.050941206695
0.0507499892701
0.0505594896159
0.0503697050382
0.0501806328526
0.0499922703851
0.0498046149716
0.0496176639581
0.0494314147004
0.0492458645646
0.0490610109261
0.0488768511705
0.0486933826934
0.0485106028998
0.0483285092046
0.0481470990325
0.0479663698176
0.0477949827893
0.0476296291204
0.0474648475164
0.0473006359983
0.0471369925937
0.0469739153371
0.04681140227
0.0466494514404
0.0464880609032
0.0463272287198
0.0461669529588
0.0460072316949
0.0458480630099
0.0456894449921
0.0455313757362
0.0453738533439
0.0452168759231
0.0450604415885
0.044904548461
0.0447491946685
0.0445943783449
0.0444400976308
0.0442863506732
0.0441331356255
0.0439804506474
0.0438282939052
0.0436766635713
0.0435255578244
0.0433749748498
0.0432249128388
0.0430753699891
0.0429263445045
0.0427778345952
0.0426298384775
0.0424823543738
0.0423353805127
0.042188915129
0.0420429564635
0.0418975027631
0.0417525522809
0.0416081032759
0.0414641540131
0.0413207027637
0.0411777478047
0.0410352874191
0.0408933198958
0.0407518435298
0.0406108566217
0.0404703574782
0.040330344412
0.0401908157412
0.04005176979
0.0399132048886
0.0397751193724
0.0396375115831
0.0395003798679
0.0393637225797
0.0392275380772
0.0390918247248
0.0389565808923
0.0388218049555
0.0386874952955
0.0385536502993
0.0384202683593
0.0382873478734
0.0381548872452
0.0380228848837
0.0378913392035
0.0377602486247
0.0376296115727
0.0374994264786
0.0373696917786
0.0372404059146
0.0371115673338
0.0369831744888
0.0368552258374
0.0367277198429
0.0366006549739
0.0364740297041
0.0363478425129
0.0362220918846
0.0360967763087
0.0359718942803
0.0358474442993
0.0357234248711
0.035599834506
0.0354766717197
0.035353935033
