logT  -8.0   -7.5   -7.0   -6.5   -6.0   -5.5   -5.0   -4.5   -4.0   -3.5   -3.0   -2.5   -2.0   -1.5   -1.0   -0.5    0.0    0.5    1.0 
3.75 -0.767 -0.927 -1.118 -1.326 -1.540 -1.752 -1.953 -2.124 -2.232 -2.246 -2.160 -1.997 -1.782 -1.546 -1.256 -0.919 -0.545 -0.142  0.237
3.80 -0.560 -0.597 -0.674 -0.794 -0.943 -1.109 -1.272 -1.407 -1.492 -1.499 -1.422 -1.289 -1.102 -0.907 -0.674 -0.422 -0.146  0.176  0.498
3.85 -0.535 -0.530 -0.525 -0.525 -0.542 -0.587 -0.649 -0.706 -0.739 -0.724 -0.661 -0.551 -0.404 -0.242 -0.046  0.169  0.396  0.647  0.924
3.90 -0.537 -0.527 -0.509 -0.473 -0.408 -0.314 -0.212 -0.120 -0.042  0.028  0.103  0.195  0.311  0.435  0.593  0.770  0.960  1.168  1.391
3.95 -0.537 -0.530 -0.513 -0.476 -0.398 -0.257 -0.046  0.205  0.447  0.642  0.783  0.897  1.000  1.102  1.225  1.364  1.519  1.694  1.889
4.00 -0.518 -0.522 -0.514 -0.484 -0.412 -0.269 -0.035  0.287  0.652  0.996  1.264  1.453  1.591  1.703  1.811  1.921  2.050  2.195  2.361
4.05 -0.492 -0.491 -0.487 -0.471 -0.415 -0.285 -0.054  0.278  0.681  1.111  1.500  1.810  2.032  2.187  2.306  2.416  2.526  2.648  2.787
4.10 -0.481 -0.475 -0.466 -0.446 -0.397 -0.288 -0.085  0.224  0.624  1.073  1.528  1.945  2.275  2.517  2.689  2.823  2.942  3.058  3.183
4.15 -0.471 -0.460 -0.447 -0.427 -0.380 -0.276 -0.092  0.183  0.551  0.988  1.466  1.940  2.364  2.708  2.956  3.135  3.280  3.406  3.530
4.20 -0.475 -0.460 -0.441 -0.414 -0.367 -0.273 -0.103  0.159  0.505  0.920  1.387  1.882  2.359  2.787  3.130  3.380  3.561  3.713  3.848
4.25 -0.475 -0.462 -0.441 -0.411 -0.358 -0.263 -0.104  0.137  0.471  0.877  1.335  1.818  2.315  2.798  3.222  3.551  3.793  3.986  4.146
4.30 -0.465 -0.454 -0.435 -0.407 -0.358 -0.267 -0.110  0.124  0.446  0.850  1.314  1.800  2.297  2.802  3.273  3.675  3.983  4.225  4.413
4.35 -0.453 -0.442 -0.423 -0.392 -0.343 -0.259 -0.114  0.117  0.442  0.854  1.319  1.812  2.318  2.822  3.319  3.772  4.140  4.435  4.655
4.40 -0.428 -0.420 -0.403 -0.370 -0.318 -0.237 -0.103  0.114  0.438  0.854  1.325  1.831  2.355  2.873  3.386  3.865  4.277  4.614  4.864
4.45 -0.416 -0.402 -0.380 -0.343 -0.281 -0.190 -0.051  0.163  0.478  0.894  1.371  1.881  2.409  2.939  3.468  3.965  4.405  4.763  5.048
4.50 -0.410 -0.397 -0.374 -0.330 -0.255 -0.143  0.010  0.224  0.531  0.937  1.414  1.932  2.469  3.014  3.555  4.065  4.523  4.901  5.202
4.55 -0.403 -0.387 -0.364 -0.324 -0.247 -0.116  0.071  0.317  0.636  1.033  1.498  2.011  2.543  3.089  3.636  4.154  4.618  5.006  5.312
4.60 -0.405 -0.388 -0.363 -0.321 -0.245 -0.111  0.098  0.388  0.742  1.146  1.601  2.093  2.612  3.151  3.696  4.215  4.679  5.065  5.364
4.65 -0.399 -0.385 -0.363 -0.324 -0.249 -0.115  0.099  0.406  0.801  1.243  1.704  2.185  2.683  3.202  3.731  4.236  4.688  5.064  5.352
4.70 -0.396 -0.380 -0.357 -0.322 -0.255 -0.128  0.083  0.388  0.782  1.243  1.734  2.229  2.721  3.221  3.727  4.211  4.645  5.010  5.288
4.75 -0.397 -0.379 -0.354 -0.320 -0.258 -0.143  0.056  0.352  0.737  1.190  1.685  2.199  2.706  3.203  3.690  4.152  4.570  4.924  5.200
4.80 -0.398 -0.378 -0.354 -0.319 -0.258 -0.148  0.039  0.322  0.691  1.127  1.608  2.119  2.641  3.151  3.633  4.083  4.489  4.835  5.104
4.85 -0.400 -0.382 -0.357 -0.320 -0.260 -0.155  0.025  0.297  0.651  1.071  1.540  2.041  2.563  3.081  3.571  4.019  4.420  4.758  5.018
4.90 -0.394 -0.377 -0.354 -0.317 -0.256 -0.153  0.018  0.279  0.623  1.030  1.490  1.990  2.508  3.025  3.520  3.972  4.370  4.697  4.943
4.95 -0.377 -0.361 -0.338 -0.305 -0.248 -0.148  0.020  0.273  0.613  1.017  1.470  1.960  2.472  2.987  3.483  3.939  4.334  4.646  4.872
5.00 -0.341 -0.331 -0.313 -0.281 -0.228 -0.135  0.024  0.273  0.611  1.018  1.465  1.948  2.458  2.967  3.463  3.917  4.303  4.593  4.797
5.05 -0.276 -0.264 -0.249 -0.224 -0.177 -0.090  0.062  0.299  0.632  1.034  1.478  1.962  2.463  2.960  3.449  3.892  4.259  4.524  4.706
5.10 -0.209 -0.191 -0.170 -0.140 -0.095 -0.018  0.119  0.333  0.639  1.031  1.482  1.962  2.457  2.958  3.433  3.851  4.189  4.429  4.595
5.15 -0.170 -0.134 -0.097 -0.054  0.003  0.089  0.220  0.415  0.700  1.072  1.509  1.980  2.463  2.952  3.402  3.784  4.087  4.307  4.466
5.20 -0.175 -0.127 -0.073 -0.010  0.069  0.174  0.319  0.518  0.783  1.127  1.544  2.003  2.473  2.939  3.353  3.690  3.960  4.168  4.328
5.25 -0.224 -0.168 -0.103 -0.025  0.073  0.200  0.367  0.579  0.839  1.161  1.559  2.005  2.464  2.906  3.281  3.577  3.820  4.021  4.187
5.30 -0.288 -0.228 -0.158 -0.073  0.035  0.177  0.362  0.592  0.864  1.185  1.562  1.988  2.432  2.850  3.191  3.456  3.678  3.876  4.049
5.35 -0.361 -0.311 -0.243 -0.157 -0.047  0.099  0.293  0.540  0.832  1.164  1.538  1.949  2.377  2.775  3.090  3.331  3.541  3.737  3.914
5.40 -0.412 -0.375 -0.322 -0.247 -0.145 -0.007  0.184  0.443  0.758  1.109  1.487  1.890  2.308  2.690  2.984  3.209  3.410  3.605  3.786
5.45 -0.444 -0.422 -0.383 -0.322 -0.230 -0.099  0.088  0.347  0.676  1.044  1.430  1.831  2.237  2.601  2.879  3.092  3.287  3.481  3.663
5.50 -0.457 -0.446 -0.423 -0.381 -0.307 -0.191 -0.015  0.239  0.574  0.964  1.369  1.773  2.169  2.516  2.778  2.982  3.173  3.365  3.550
5.55 -0.463 -0.457 -0.445 -0.419 -0.366 -0.270 -0.108  0.144  0.491  0.898  1.315  1.716  2.104  2.436  2.683  2.879  3.068  3.257  3.445
5.60 -0.465 -0.461 -0.454 -0.438 -0.404 -0.333 -0.191  0.053  0.406  0.832  1.263  1.668  2.045  2.360  2.595  2.785  2.972  3.159  3.352
5.65 -0.465 -0.462 -0.456 -0.446 -0.424 -0.376 -0.268 -0.051  0.299  0.743  1.198  1.617  1.990  2.291  2.515  2.700  2.883  3.069  3.271
5.70 -0.466 -0.463 -0.458 -0.448 -0.431 -0.395 -0.313 -0.133  0.194  0.645  1.126  1.564  1.935  2.227  2.444  2.625  2.805  2.994  3.205
5.75 -0.467 -0.464 -0.458 -0.450 -0.435 -0.404 -0.339 -0.195  0.096  0.541  1.043  1.502  1.878  2.165  2.378  2.558  2.735  2.923  3.139
5.80 -0.467 -0.464 -0.459 -0.451 -0.436 -0.409 -0.352 -0.228  0.022  0.439  0.949  1.429  1.814  2.101  2.315  2.497  2.675  2.863  3.080
5.85 -0.467 -0.465 -0.460 -0.452 -0.438 -0.410 -0.358 -0.247 -0.022  0.362  0.861  1.352  1.747  2.037  2.256  2.442  2.624  2.818  3.040
5.90 -0.467 -0.465 -0.461 -0.455 -0.441 -0.415 -0.364 -0.261 -0.056  0.299  0.780  1.276  1.681  1.977  2.202  2.396  2.583  2.778  3.000
5.95 -0.466 -0.464 -0.460 -0.453 -0.441 -0.417 -0.368 -0.270 -0.076  0.257  0.717  1.207  1.619  1.923  2.157  2.360  2.550  2.736  2.948
6.00 -0.465 -0.462 -0.457 -0.451 -0.439 -0.417 -0.372 -0.277 -0.088  0.234  0.677  1.158  1.570  1.881  2.125  2.334  2.522  2.701  2.909
6.10 -0.466 -0.461 -0.453 -0.442 -0.428 -0.407 -0.369 -0.287 -0.115  0.183  0.598  1.063  1.483  1.817  2.081  2.292  2.462  2.627  2.820
6.20 -0.471 -0.468 -0.462 -0.450 -0.428 -0.395 -0.348 -0.269 -0.121  0.142  0.531  0.988  1.416  1.763  2.026  2.215  2.349  2.498  2.699
6.30 -0.472 -0.471 -0.469 -0.464 -0.452 -0.421 -0.358 -0.255 -0.098  0.145  0.503  0.937  1.350  1.680  1.912  2.067  2.192  2.348  2.563
6.40 -0.473 -0.472 -0.471 -0.469 -0.464 -0.448 -0.407 -0.305 -0.116  0.156  0.502  0.893  1.252  1.530  1.730  1.872  2.008  2.189  2.420
6.50 -0.474 -0.473 -0.473 -0.471 -0.468 -0.459 -0.434 -0.364 -0.199  0.088  0.447  0.800  1.100  1.332  1.513  1.663  1.824  2.030  2.271
6.60 -0.474 -0.474 -0.474 -0.473 -0.471 -0.464 -0.447 -0.398 -0.275 -0.032  0.306  0.640  0.908  1.117  1.291  1.456  1.646  1.877  2.130
6.70 -0.476 -0.475 -0.475 -0.475 -0.473 -0.469 -0.456 -0.420 -0.328 -0.139  0.148  0.452  0.702  0.901  1.076  1.258  1.476  1.727  1.988
6.80 -0.477 -0.477 -0.477 -0.476 -0.475 -0.472 -0.463 -0.438 -0.371 -0.227  0.004  0.265  0.496  0.692  0.875  1.078  1.324  1.589  1.823
6.90 -0.478 -0.478 -0.478 -0.478 -0.477 -0.475 -0.468 -0.450 -0.403 -0.297 -0.119  0.099  0.310  0.504  0.703  0.926  1.187  1.454  1.672
7.00 -0.480 -0.480 -0.480 -0.480 -0.479 -0.476 -0.470 -0.456 -0.422 -0.345 -0.212 -0.037  0.156  0.357  0.565  0.799  1.063  1.315  1.534
7.10 -0.483 -0.483 -0.483 -0.482 -0.482 -0.479 -0.473 -0.459 -0.428 -0.366 -0.264 -0.120  0.055  0.244  0.447  0.678  0.942  1.184  1.352
7.20 -0.486 -0.486 -0.486 -0.486 -0.485 -0.484 -0.480 -0.467 -0.436 -0.379 -0.291 -0.168 -0.019  0.147  0.333  0.563  0.813  1.047  1.100
7.30 -0.490 -0.490 -0.490 -0.490 -0.490 -0.489 -0.486 -0.477 -0.453 -0.404 -0.322 -0.214 -0.090  0.048  0.222  0.445  0.703  0.900  1.000
7.40 -0.495 -0.495 -0.495 -0.495 -0.495 -0.494 -0.492 -0.486 -0.470 -0.433 -0.365 -0.273 -0.169 -0.047  0.121  0.340  0.586  0.700  0.850
7.50 -0.501 -0.501 -0.501 -0.501 -0.501 -0.501 -0.499 -0.495 -0.485 -0.459 -0.408 -0.334 -0.244 -0.132  0.026  0.244  0.386  0.500  0.650
7.60 -0.508 -0.508 -0.508 -0.508 -0.509 -0.508 -0.508 -0.505 -0.498 -0.480 -0.442 -0.384 -0.309 -0.206 -0.058  0.144  0.240  0.400  0.500
7.70 -0.518 -0.518 -0.518 -0.518 -0.518 -0.518 -0.517 -0.516 -0.511 -0.497 -0.469 -0.425 -0.364 -0.273 -0.140  0.041  0.140  0.250  0.300
7.80 -0.530 -0.530 -0.530 -0.530 -0.530 -0.530 -0.529 -0.528 -0.525 -0.514 -0.493 -0.460 -0.412 -0.338 -0.222 -0.075  0.040  0.100  0.150
7.90 -0.544 -0.544 -0.544 -0.544 -0.545 -0.545 -0.544 -0.544 -0.541 -0.532 -0.517 -0.494 -0.460 -0.403 -0.306 -0.150 -0.050  0.050  0.100
8.00 -0.560 -0.560 -0.560 -0.560 -0.560 -0.561 -0.561 -0.560 -0.557 -0.551 -0.541 -0.527 -0.507 -0.467 -0.393 -0.250 -0.100  0.000  0.020
8.10 -0.580 -0.580 -0.580 -0.580 -0.580 -0.580 -0.581 -0.580 -0.578 -0.574 -0.568 -0.563 -0.558 -0.537 -0.490 -0.320 -0.150 -0.080 -0.020
8.30 -0.633 -0.633 -0.633 -0.633 -0.634 -0.634 -0.634 -0.633 -0.633 -0.633 -0.637 -0.652 -0.674 -0.692 -0.708 -0.750 -0.300 -0.200 -0.100
8.50 -0.704 -0.704 -0.704 -0.704 -0.704 -0.704 -0.704 -0.704 -0.705 -0.709 -0.724 -0.757 -0.794 -0.910 -1.266 -0.900 -0.500 -0.350 -0.200
8.70 -0.582 -0.753 -0.785 -0.789 -0.789 -0.789 -0.789 -0.789 -0.792 -0.800 -0.826 -0.880 -0.959 -1.046 -1.400 -1.100 -0.800 -0.500 -0.350