0.32947865871
0.329265429674
0.329052338633
0.328839385499
0.328626570182
0.328413892593
0.328201352642
0.327988950241
0.327776685301
0.327564557733
0.327352567447
0.327140714355
0.326928998369
0.326717419399
0.326505977357
0.326294672154
0.326083503701
0.325872471911
0.325661576694
0.325450817963
0.325240195628
0.325029709602
0.324819359797
0.324609146124
0.324399068495
0.324189126822
0.323979321018
0.323769650994
0.323560116661
0.323350717934
0.323141454723
0.322932326942
0.322723334502
0.322514477316
0.322305755295
0.322097168355
0.321888716405
0.321680399359
0.32147221713
0.321264169631
0.321056256774
0.320848478472
0.320640834638
0.320433325185
0.320225950027
0.320018709076
0.319811602245
0.319604629447
0.319397790596
0.319191085605
0.318984514388
0.318778076858
0.318571772928
0.318365602512
0.318159565524
0.317953661876
0.317747891484
0.31754225426
0.317336750119
0.317131378974
0.316926140739
0.316721035329
0.316516062656
0.316311222636
0.316106515183
0.31590194021
0.315697497633
0.315493187364
0.31528900932
0.315084963413
0.314881049559
0.314677267673
0.314473617667
0.314270099459
0.314066712961
0.31386345809
0.313660334759
0.313457342883
0.313254482378
0.313051753158
0.312849155139
0.312646688235
0.312444352362
0.312242147435
0.312040073369
0.31183813008
0.311636317482
0.311434635492
0.311233084025
0.311031662995
0.31083037232
0.310629211914
0.310428181693
0.310227281574
0.310026511471
0.3098258713
0.309625360978
0.30942498042
0.309224729543
0.309024608263
0.308824616495
0.308624754156
0.308425021163
0.30822541743
0.308025942875
0.307826597415
0.307627380965
0.307428293442
0.307229334763
0.307030504844
0.306831803603
0.306633230954
0.306434786817
0.306236471106
0.30603828374
0.305840224635
0.305642293708
0.305444490876
0.305246816057
0.305049269166
0.304851850123
0.304654558843
0.304457395244
0.304260359245
0.304063450761
0.303866669711
0.303670016011
0.30347348958
0.303277090335
0.303080818194
0.302884673076
0.302688654896
0.302492763573
0.302296999026
0.302101361172
0.301905849929
0.301710465215
0.301515206949
0.301320075048
0.30112506943
0.300930190015
0.30073543672
0.300540809464
0.300346308165
0.300151932741
0.299957683112
0.299763559195
0.29956956091
0.299375688175
0.299181940908
0.29898831903
0.298794822457
0.29860145111
0.298408204908
0.298215083768
0.298022087611
0.297829216356
0.297636469921
0.297443848227
0.297251351191
0.297058978734
0.296866730775
0.296674607233
0.296482608028
0.296290733079
0.296098982306
0.295907355629
0.295715852966
0.295524474239
0.295333219367
0.295142088269
0.294951080866
0.294760197077
0.294569436822
0.294378800023
0.294188286597
0.293997896467
0.293807629551
0.293617485771
0.293427465046
0.293237567297
0.293047792445
0.292858140409
0.292668611111
0.29247920447
0.292289920408
0.292100758845
0.291911719702
0.2917228029
0.291534008359
0.291345336
0.291156785745
0.290968357514
0.290780051228
0.290591866809
0.290403804177
0.290215863254
0.29002804396
0.289840346218
0.289652769949
0.289465315073
0.289277981513
0.28909076919
0.288903678025
0.288716707939
0.288529858856
0.288343130696
0.288156523381
0.287970036833
0.287783670973
0.287597425724
0.287411301008
0.287225296746
0.287039412861
0.286853649274
0.286668005908
0.286482482685
0.286297079528
0.286111796358
0.285926633097
0.28574158967
0.285556665997
0.285371862001
0.285187177605
0.285002612731
0.284818167302
0.284633841241
0.284449634471
0.284265546914
0.284081578493
0.28389772913
0.283713998751
0.283530387275
0.283346894628
0.283163520733
0.282980265511
0.282797128887
0.282614110783
0.282431211124
0.282248429832
0.28206576683
0.281883222043
0.281700795394
0.281518486806
0.281336296202
0.281154223507
0.280972268645
0.280790431538
0.280608712111
0.280427110287
0.280245625991
0.280064259146
0.279883009677
0.279701877507
0.27952086256
0.279339964761
0.279159184034
0.278978520303
0.278797973493
0.278617543527
0.27843723033
0.278257033826
0.278076953941
0.277896990597
0.277717143721
0.277537413237
0.277357799069
0.277178301142
0.276998919381
0.276819653711
0.276640504056
0.276461470342
0.276282552493
0.276103750434
0.275925064091
0.275746493389
0.275568038252
0.275389698607
0.275211474378
0.27503336549
0.274855371869
0.27467749344
0.27449973013
0.274322081862
0.274144548563
0.273967130159
0.273789826575
0.273612637736
0.273435563569
0.273258603999
0.273081758953
0.272905028355
0.272728412132
0.27255191021
0.272375522515
0.272199248974
0.272023089511
0.271847044053
0.271671112527
0.271495294859
0.271319590975
0.271144000801
0.270968524264
0.270793161291
0.270617911807
0.27044277574
0.270267753016
0.270092843561
0.269918047303
0.269743364168
0.269568794082
0.269394336974
0.269219992768
0.269045761394
0.268871642777
0.268697636844
0.268523743523
0.268349962741
0.268176294425
0.268002738501
0.267829294899
0.267655963543
0.267482744363
0.267309637285
0.267136642237
0.266963759147
0.266790987941
0.266618328548
0.266445780895
0.26627334491
0.266101020521
0.265928807655
0.26575670624
0.265584716204
0.265412837475
0.265241069981
0.26506941365
0.26489786841
0.264726434189
0.264555110915
0.264383898517
0.264212796922
0.26404180606
0.263870925857
0.263700156244
0.263529497147
0.263358948497
0.26318851022
0.263018182246
0.262847964503
0.262677856921
0.262507859427
0.262337971951
0.26216819442
0.261998526765
0.261828968914
0.261659520796
0.26149018234
0.261320953474
0.261151834129
0.260982824233
0.260813923715
0.260645132504
0.260476450531
0.260307877723
0.260139414011
0.259971059324
0.259802813591
0.259634676742
0.259466648706
0.259298729413
0.259130918792
0.258963216774
0.258795623287
0.258628138263
0.258460761629
0.258293493317
0.258126333256
0.257959281376
0.257792337608
0.25762550188
0.257458774124
0.257292154269
0.257125642246
0.256959237985
0.256792941415
0.256626752468
0.256460671073
0.256294697162
0.256128830664
0.25596307151
0.255797419631
0.255631874956
0.255466437418
0.255301106945
0.25513588347
0.254970766923
0.254805757234
0.254640854335
0.254476058156
0.254311368629
0.254146785683
0.253982309251
0.253817939264
0.253653675652
0.253489518346
0.253325467279
0.25316152238
0.252997683582
0.252833950816
0.252670324013
0.252506803104
0.252343388021
0.252180078696
0.25201687506
0.251853777044
0.251690784581
0.251527897602
0.251365116038
0.251202439822
0.251039868886
0.25087740316
0.250715042578
0.250552787071
0.250390636571
0.250228591009
0.250066650319
0.249904814433
0.249743083282
0.249581456799
0.249419934915
0.249258517564
0.249097204677
0.248935996188
0.248774892028
0.24861389213
0.248452996426
0.24829220485
0.248131517333
0.247970933808
0.247810454208
0.247650078466
0.247489806515
0.247329638287
0.247169573715
0.247009612733
0.246849755272
0.246690001267
0.24653035065
0.246370803354
0.246211359312
0.246052018458
0.245892780725
0.245733646046
0.245574614354
0.245415685583
0.245256859666
0.245098136536
0.244939516128
0.244780998374
0.244622583208
0.244464270564
0.244306060375
0.244147952575
0.243989947098
0.243832043878
0.243674242848
0.243516543942
0.243358947094
0.243201452239
0.243044059309
0.24288676824
0.242729578965
0.242572491418
0.242415505534
0.242258621246
0.24210183849
0.241945157199
0.241788577307
0.241632098749
0.24147572146
0.241319445373
0.241163270424
0.241007196547
0.240851223676
0.240695351747
0.240539580693
0.240383910449
0.240228340951
0.240072872133
0.23991750393
0.239762236277
0.239607069108
0.23945200236
0.239297035965
0.239142169861
0.238987403981
0.238832738262
0.238678172638
0.238523707044
0.238369341415
0.238215075688
0.238060909797
0.237906843677
0.237752877265
0.237599010495
0.237445243304
0.237291575626
0.237138007397
0.236984538554
0.236831169031
0.236677898764
0.236524727689
0.236371655742
0.236218682859
0.236065808976
0.235913034028
0.235760357951
0.235607780682
0.235455302157
0.235302922311
0.235150641081
0.234998458404
0.234846374214
0.234694388449
0.234542501045
0.234390711937
0.234239021064
0.23408742836
0.233935933762
0.233784537208
0.233633238633
0.233482037974
0.233330935168
0.233179930151
0.23302902286
0.232878213232
0.232727501203
0.232576886711
0.232426369693
0.232275950084
0.232125627823
0.231975402846
0.231825275091
0.231675244493
0.231525310991
0.231375474522
0.231225735023
0.23107609243
0.230926546682
0.230777097716
0.230627745468
0.230478489877
0.23032933088
0.230180268415
0.230031302418
0.229882432828
0.229733659582
0.229584982617
0.229436401872
0.229287917284
0.229139528791
0.228957556371
0.228709249067
0.228461211055
0.228213442043
0.227965941741
0.227718709855
0.227471746095
0.227225050171
0.226978621791
0.226732460666
0.226486566506
0.226240939021
0.225995577922
0.22575048292
0.225505653727
0.225261090054
0.225016791613
0.224772758117
0.224528989279
0.22428548481
0.224042244426
0.223799267838
0.223556554762
0.223314104911
0.223071918
0.222829993744
0.222588331857
0.222346932056
0.222105794055
0.221864917572
0.221624302323
0.221383948024
0.221143854392
0.220904021144
0.220664447998
0.220425134673
0.220186080886
0.219947286356
0.219708750801
0.219470473941
0.219232455495
0.218994695183
0.218757192726
0.218519947842
0.218282960254
0.218046229681
0.217809755846
0.21757353847
0.217337577274
0.217101871981
0.216866422313
0.216631227994
0.216396288745
0.216161604291
0.215927174356
0.215692998662
0.215459076935
0.215225408899
0.214991994279
0.2147588328
0.214525924187
0.214293268167
0.214060864465
0.213828712808
0.213596812922
0.213365164534
0.213133767372
0.212902621163
0.212671725635
0.212441080516
0.212210685534
0.211980540419
0.211750644899
0.211520998703
0.211291601562
0.211062453204
0.210833553361
0.210604901763
0.210376498139
0.210148342223
0.209920433745
0.209692772436
0.209465358028
0.209238190254
0.209011268847
0.208784593539
0.208558164063
0.208331980152
0.20810604154
0.207880347962
0.207654899152
0.207429694843
0.207204734771
0.206980018672
0.206755546279
0.20653131733
0.20630733156
0.206083588705
0.205860088502
0.205636830687
0.205413814999
0.205191041174
0.20496850895
0.204746218064
0.204524168256
0.204302359264
0.204080790827
0.203859462683
0.203638374572
0.203417526234
0.203196917409
0.202976547836
0.202756417258
0.202536525413
0.202316872044
0.202097456892
0.201878279698
0.201659340205
0.201440638154
0.201222173289
0.201003945351
0.200785954084
0.200568199231
0.200350680536
0.200133397743
0.199916350596
0.199699538839
0.199482962217
0.199266620475
0.199050513359
0.198834640613
0.198619001984
0.198403597218
0.198188426061
0.197973488259
0.19775878356
0.197544311712
0.19733007246
0.197116065554
0.196902290741
0.196688747769
0.196475436387
0.196262356345
0.19604950739
0.195836889272
0.195624501741
0.195412344548
0.195200417441
0.194988720172
0.194777252491
0.19456601415
0.194355004899
0.19414422449
0.193933672676
0.193723349207
0.193513253837
0.193303386317
0.193093746402
0.192884333844
0.192675148396
0.192466189813
0.192257457847
0.192048952254
0.191840672788
0.191632619204
0.191424791256
0.191217188701
0.191009811292
0.190802658788
0.190595730942
0.190389027513
0.190182548256
0.189976292928
0.189770261286
0.189564453089
0.189358868093
0.189153506057
0.188948366738
0.188743449895
0.188538755287
0.188334282673
0.188130031812
0.187926002464
0.187722194388
0.187518607344
0.187315241094
0.187112095396
0.186909170012
0.186706464704
0.186503979232
0.186301713357
0.186099666843
0.185897839451
0.185696230943
0.185494841081
0.18529366963
0.185092716352
0.18489198101
0.184691463367
0.184491163189
0.184291080239
0.184091214281
0.18389156508
0.183692132402
0.18349291601
0.183293915671
0.183095131151
0.182896562215
0.182698208629
0.18250007016
0.182302146575
0.18210443764
0.181906943123
0.181709662792
0.181512596413
0.181315743756
0.181119104587
0.180922678676
0.180726465791
0.180530465702
0.180334678177
0.180139102986
0.179943739899
0.179748588686
0.179553649116
0.179358920961
0.179164403991
0.178970097977
0.178776002691
0.178582117903
0.178388443385
0.17819497891
0.17800172425
0.177808679176
0.177615843463
0.177423216882
0.177230799207
0.177038590211
0.176846589669
0.176654797353
0.176463213039
0.1762718365
0.176080667511
0.175889705847
0.175698951284
0.175508403596
0.17531806256
0.175127927951
0.174937999545
0.174748277119
0.17455876045
0.174369449313
0.174180343487
0.173991442748
0.173802746875
0.173614255644
0.173425968835
0.173237886225
0.173050007593
0.172862332717
0.172674861378
0.172487593353
0.172300528423
0.172113666367
0.171927006966
0.171740549998
0.171554295246
0.171368242489
0.171182391509
0.170996742086
0.170811294002
0.17062604704
0.17044100098
0.170256155604
0.170071510696
0.169887066037
0.169702821411
0.1695187766
0.169334931389
0.16915128556
0.168967838896
0.168784591184
0.168601542205
0.168418691745
0.16823603959
0.168053585522
0.167871329328
0.167689270794
0.167507409703
0.167325745844
0.167144279002
0.166963008962
0.166781935512
0.166601058439
0.166420377528
0.166239892569
0.166059603347
0.165879509652
0.165699611271
0.165519907991
0.165340399601
0.165161085891
0.16498196665
0.164803041665
0.164624310726
0.164445773622
0.164267430146
0.164089280084
0.163911323229
0.16373355937
0.163555988297
0.163378609804
0.163201423679
0.163024429715
0.162847627703
0.162671017435
0.162494598703
0.162318371299
0.162142335016
0.161966489646
0.161790834984
0.16161537082
0.16144009695
0.161265013166
0.161090119263
0.160915415035
0.160740900275
0.16056657478
0.160392438341
0.160218490756
0.16004473182
0.159871161327
0.159697779074
0.159524584855
0.159351578469
0.159178759709
0.159006128374
0.158833684259
0.158661427162
0.158489356881
0.158317473211
0.158145775952
0.1579742649
0.157802939854
0.157631800613
0.157460846973
0.157290078736
0.157119495699
0.15694909766
0.156778884421
0.15660885578
0.156439011537
0.156269351493
0.156099875447
0.155930583199
0.155761474552
0.155592549304
0.155423807259
0.155255248216
0.155086871977
0.154918678345
0.154750667121
0.154582838106
0.154415191105
0.154247725919
0.15408044235
0.153913340204
0.153746419281
0.153579679386
0.153413120322
0.153246741895
0.153080543906
0.152914526161
0.152748688464
0.152583030621
0.152417552436
0.152252253713
0.15208713426
0.15192219388
0.15175743238
0.151592849566
0.151428445244
0.151264219221
0.151100171302
0.150936301296
0.150772609009
0.150609094248
0.150445756821
0.150282596536
0.150119613199
0.149956806621
0.149794176607
0.149631722969
0.149469445513
0.149307344049
0.149145418386
0.148983668334
0.148822093701
0.148660694298
0.148499469935
0.148338420422
0.148177545569
0.148016845186
0.147856319085
0.147695967077
0.147535788972
0.147375784583
0.14721595372
0.147056296196
0.146896811822
0.146737500412
0.146578361776
0.146419395728
0.146260602081
0.146101980647
0.145943531241
0.145785253675
0.145627147762
0.145469213318
0.145311450155
0.145153858089
0.144996436933
0.144839186502
0.144682106612
0.144525197076
0.144368457711
0.144211888331
0.144055488753
0.143899258792
0.143743198265
0.143587306987
0.143431584775
0.143276031446
0.143120646816
0.142965430703
0.142810382924
0.142655503296
0.142500791637
0.142346247764
0.142191871496
0.142037662652
0.141883621048
0.141729746505
0.14157603884
0.141422497873
0.141269123424
0.141115915311
0.140962873354
0.140809997373
0.140657287188
0.140504742618
0.140352363486
0.14020014961
0.140048100813
0.139896216914
0.139744497735
0.139592943097
0.139441552822
0.139290326732
0.139139264648
0.138988366393
0.13883763179
0.138687060659
0.138536652825
0.138386408111
0.138236326338
0.138086407331
0.137936650912
0.137787056907
0.137637625139
0.13748835543
0.137339247607
0.137190301492
0.137041516913
0.136892893691
0.136744431653
0.136596130624
0.13644799043
0.136300010895
0.136152191846
0.136004533108
0.135857034509
0.135709695873
0.135562517028
0.1354154978
0.135268638017
0.135121937504
0.13497539609
0.134829013602
0.134682789868
0.134536724715
0.134390817972
0.134245069467
0.134099479027
0.133954046482
0.13380877166
0.133663654391
0.133518694503
0.133373891826
0.13322924619
0.133084757423
0.132940425356
0.132796249819
0.132652230642
0.132508367656
0.132364660691
0.132221109578
0.132077714148
0.131934474232
0.131791389662
0.131648460268
0.131505685883
0.131363066339
0.131220601468
0.131078291101
0.130936135072
0.130794133212
0.130652285356
0.130510591335
0.130369050983
0.130227664134
0.13008643062
0.129945350275
0.129804422934
0.129663648431
0.129523026599
0.129382557273
0.129242240288
0.129102075479
0.12896206268
0.128822201727
0.128682492454
0.128542934698
0.128403528294
0.128264273079
0.128125168887
0.127986215555
0.12784741292
0.127708760818
0.127570259086
0.127431907561
0.12729370608
0.12715565448
0.127017752598
0.126880000273
0.126742397342
0.126604943643
0.126467639015
0.126330483295
0.126193476322
0.126056617935
0.125919907972
0.125783346273
0.125646932677
0.125510667023
0.125374549151
0.125238578901
0.125102756112
0.124967080624
0.124831552278
0.124696170914
0.124560936374
0.124425848496
0.124290907123
0.124156112096
0.124021463255
0.123886960443
0.123752603501
0.123618392271
0.123484326594
0.123350406313
0.123216631271
0.123083001309
0.12294951627
0.122816175998
0.122682980335
0.122549929124
0.122417022209
0.122284259433
0.12215164064
0.122019165674
0.121886834378
0.121754646597
0.121622602176
0.121490700958
0.121358942789
0.121227327513
0.121095854976
0.120964525022
0.120833337498
0.120702292247
0.120571389117
0.120440627953
0.120310008601
0.120179530907
0.120049194719
0.119918999881
0.119788946241
0.119659033646
0.119529261943
0.119399630979
0.119270140601
0.119140790657
0.119011580995
0.118882511462
0.118753581906
0.118583846748
0.118393090027
0.118202640162
0.118012496659
0.117822659025
0.117633126768
0.117443899397
0.117254976421
0.117066357352
0.1168780417
0.116690028976
0.116502318694
0.116314910367
0.11612780351
0.115940997637
0.115754492264
0.115568286908
0.115382381086
0.115196774317
0.115011466119
0.114826456012
0.114641743517
0.114457328155
0.114273209447
0.114089386917
0.113905860088
0.113722628485
0.113539691632
0.113357049055
0.113174700282
0.11299264484
0.112810882255
0.112629412059
0.112448233779
0.112267346947
0.112086751094
0.111906445751
0.111726430452
0.11154670473
0.111367268118
0.111188120153
0.111009260369
0.110830688303
0.110652403491
0.110474405474
0.110296693788
0.110119267973
0.109942127569
0.109765272118
0.10958870116
0.109412414238
0.109236410896
0.109060690677
0.108885253125
0.108710097786
0.108535224206
0.108360631932
0.108186320511
0.108012289491
0.107838538422
0.107665066853
0.107491874334
0.107318960416
0.107146324652
0.106973966594
0.106801885795
0.106630081809
0.106458554191
0.106287302496
0.106116326281
0.105945625102
0.105775198517
0.105605046084
0.105435167362
0.105265561911
0.105096229291
0.104927169064
0.104758380791
0.104589864035
0.104421618358
0.104253643325
0.104085938501
0.103918503451
0.103751337741
0.103584440937
0.103417812607
0.10325145232
0.103085359644
0.102919534148
0.102753975403
0.102588682979
0.102423656449
0.102258895384
0.102094399358
0.101930167943
0.101766200715
0.101602497249
0.10143905712
0.101275879905
0.10111296518
0.100950312523
0.100787921514
0.10062579173
0.100463922752
0.10030231416
0.100140965535
0.09997987646
0.0998190465163
0.0996584752872
0.0994981623571
0.0993381073098
0.0991783097305
0.0990187692057
0.0988594853214
0.0987004576646
0.0985416858237
0.0983831693867
0.0982249079427
0.0980669010821
0.0979091483948
0.097751649472
0.0975944039059
0.0974374112886
0.097280671213
0.0971241832734
0.0969679470637
0.0968119621794
0.096656228216
0.0965007447696
0.0963455114377
0.0961905278177
0.0960357935078
0.0958813081073
0.0957270712153
0.0955730824327
0.0954193413596
0.0952658475983
0.0951126007504
0.0949596004191
0.0948068462076
0.09465433772
0.0945020745611
0.0943500563365
0.0941982826518
0.0940467531135
0.0938954673294
0.0937444249069
0.0935936254549
0.0934430685823
0.0932927538992
0.0931426810155
0.0929928495426
0.0928432590921
0.0926939092762
0.092544799708
0.0923959300008
0.0922472997689
0.0920989086269
0.0919507561905
0.0918028420756
0.0916551658985
0.0915077272769
0.0913605258286
0.0912135611718
0.0910668329257
0.09092034071
0.0907740841453
0.0906280628521
0.0904822764522
0.0903367245677
0.0901914068213
0.0900463228365
0.089901472237
0.0897568546476
0.0896124696934
0.0894683170001
0.0893243961944
0.0891807069027
0.0890372487532
0.0888940213737
0.088751024393
0.0886082574406
0.0884657201465
0.0883234121411
0.0881813330558
0.0880394825221
0.0878978601723
0.0877564656396
0.0876152985576
0.0874743585601
0.0873336452819
0.0871931583584
0.0870528974253
0.0869128621193
0.0867730520773
0.086633466937
0.0864941063366
0.0863549699149
0.0862160573111
0.0860773681655
0.0859389021184
0.085800658811
0.085662637885
0.0855248389826
0.0853872617469
0.0852499058209
0.0851127708489
0.0849758564755
0.0848391623456
0.084702688105
0.0845664334001
0.0844303978777
0.0842945811851
0.0841589829705
0.0840236028822
0.0838884405695
0.0837534956821
0.08361876787
0.0834842567844
0.0833499620763
0.0832158833977
0.0830820204014
0.0829483727399
0.0828149400674
0.0826817220376
0.0825487183056
0.0824159285264
0.0822833523559
0.0821509894505
0.082018839467
0.0818869020632
0.0817551768969
0.0816236636268
0.081492361912
0.081361271412
0.0812303917873
0.0810997226987
0.0809692638074
0.0808390147752
0.0807089752646
0.0805791449386
0.0804495234607
0.0803201104949
0.0801909057058
0.0800619087586
0.0799331193187
0.0798045370525
0.0796761616269
0.0795479927088
0.0794200299663
0.0792922730675
0.0791647216815
0.0790373754776
0.0789102341256
0.0787832972964
0.0786565646605
0.0785300358897
0.0784037106561
0.0782775886321
0.078151669491
0.0780259529062
0.0779004385522
0.0777751261034
0.0776500152351
0.0775251056229
0.0774003969434
0.0772758888731
0.0771515810894
0.07702747327
0.0769035650934
0.0767798562383
0.0766563463841
0.0765330352108
0.0764099223986
0.0762870076286
0.0761642905822
0.0760417709411
0.075919448388
0.075797322606
0.0756753932781
0.0755536600886
0.075432122722
0.0753107808631
0.0751896341977
0.0750686824115
0.0749479251911
0.0748273622237
0.0747069931966
0.0745868177979
0.0744668357162
0.0743470466403
0.0742274502601
0.0741080462653
0.0739888343465
0.0738698141947
0.0737509855016
0.073632347959
0.0735139012595
0.0733956450961
0.0732775791624
0.0731597031522
0.0730420167602
0.072924519681
0.0728072116106
0.0726900922445
0.0725731612793
0.0724564184121
0.0723398633402
0.0722234957613
0.0721073153741
0.0719913218774
0.0718755149704
0.0717598943532
0.0716444597259
0.0715292107895
0.0714141472452
0.0712992687947
0.0711845751403
0.0710700659849
0.0709557410315
0.0708415999839
0.0707276425463
0.0706138684231
0.0705002773197
0.0703868689415
0.0702736429948
0.0701605991859
0.0700477372218
0.0699350568102
0.0698225576588
0.0697102394762
0.0695981019713
0.0694861448533
0.0693743678321
0.069262770618
0.0691513529217
0.0690401144546
0.0689290549283
0.0688181740548
0.068707471547
0.0685969471177
0.0684866004806
0.0683764313497
0.0682664394392
0.0681566244645
0.0680469861406
0.0679375241834
0.0678282383092
0.0677191282349
0.0676101936776
0.0675014343549
0.067392849985
0.0672844402864
0.0671762049782
0.0670681437798
0.0669602564111
0.0668525425925
0.0667450020449
0.0666376344895
0.0665304396481
0.0664234172427
0.066316566996
0.0662098886312
0.0661033818716
0.0659970464413
0.0658908820646
0.0657848884663
0.0656790653718
0.0655734125069
0.0654679295975
0.0653626163704
0.0652574725526
0.0651524978716
0.0650476920553
0.064943054832
0.0648385859306
0.0647342850803
0.0646301520108
0.0645261864521
0.0644223881348
0.06431875679
0.0642152921488
0.0641119939433
0.0640088619056
0.0639058957686
0.0638030952653
0.0637004601293
0.0635979900945
0.0634956848953
0.0633935442668
0.0632915679439
0.0631897556625
0.0630881071588
0.0629866221692
0.0628853004306
0.0627841416806
0.0626831456569
0.0625823120977
0.0624816407417
0.062381131328
0.0622807835961
0.0621805972858
0.0620805721375
0.061980707892
0.0618810042905
0.0617814610745
0.061682077986
0.0615828547675
0.0614837911617
0.0613848869119
0.0612861417618
0.0611875554554
0.0610891277372
0.0609908583522
0.0608927470455
0.060794793563
0.0606969976507
0.0605993590552
0.0605018775234
0.0604045528026
0.0603073846406
0.0602103727856
0.0601135169861
0.0600168169911
0.05992027255
0.0598238834124
0.0597276493287
0.0596315700492
0.0595356453252
0.0594398749079
0.0593442585492
0.0592487960011
0.0591534870162
0.0590583313476
0.0589633287487
0.0588684789731
0.0587737817751
0.0586792369091
0.0585848441302
0.0584906031938
0.0583965138554
0.0583025758714
0.0582087889982
0.0581151529927
0.0580216676123
0.0579283326146
0.0578351477577
0.0577421128002
0.0576492275008
0.0575564916189
0.0574639049141
0.0573714671464
0.0572791780762
0.0571870374644
0.0570950450721
0.0570032006608
0.0569115039927
0.0568199548299
0.0567285529352
0.0566372980717
0.0565461900029
0.0564552284927
0.0563644133052
0.0562737442051
0.0561832209575
0.0560928433277
0.0560026110813
0.0559125239847
0.0558225818043
0.055732784307
0.0556431312599
0.0555536224309
0.0554642575878
0.0553750364991
0.0552859589335
0.0551970246601
0.0551082334484
0.0550195850684
0.0549310792902
0.0548427158844
0.0547544946221
0.0546664152745
0.0545784776133
0.0544906814108
0.0544030264393
0.0543155124716
0.0542281392808
0.0541409066406
0.0540538143248
0.0539668621078
0.0538800497641
0.0537933770688
0.0537068437972
0.0536204497249
0.0535341946282
0.0522807156947
0.0501327966066
0.0480731233722
0.0460980704684
0.0442041613249
0.0423880622032
0.0406465763281
0.0389766382635
0.0373753085145
0.0358397683542
0.034367314859
0.032955356154
0.0316014068517
0.030303083673
0.0290581012546
0.0278642681271
0.0267194828535
0.0256217303367
0.0245690782657
0.0235596737176
0.0229426632628
0.022628374903
0.0223183919359
0.0220126553823
0.0217111070714
0.021413689629
0.0211203464667
0.0208310217719
0.0205456604958
0.0202642083442
0.0199866117667
0.0197128179461
0.019442774789
0.0191764309156
0.0189137356501
0.0186546390104
