10.6107719628
10.6226220716
10.6344854147
10.6463620067
10.6582518625
10.6701549969
10.6820714247
10.6940011608
10.70594422
10.7179006172
10.7298703673
10.7418534853
10.7538499859
10.7658598843
10.7778831953
10.789919934
10.8019701152
10.8140337542
10.8261108658
10.8382014651
10.8503055672
10.8624231871
10.87455434
10.886699041
10.8988573052
10.9110291477
10.9232145837
10.9354136284
10.9476262971
10.9598526048
10.9720925669
10.9843461985
10.996613515
11.0088945317
11.0211892638
11.0334977266
11.0458199355
11.0581559059
11.0705056531
11.0828691924
11.0952465394
11.1076377094
11.1200427179
11.1324615802
11.144894312
11.1573409286
11.1698014456
11.1822758785
11.1947642429
11.2072665542
11.2197828282
11.2323130803
11.2448573262
11.2574155815
11.2699878618
11.2825741829
11.2951745604
11.30778901
11.3204175474
11.3330601883
11.3457169486
11.3583878439
11.3710728901
11.3837721029
11.3964854982
11.4092130918
11.4219548996
11.4347109375
11.4474812213
11.4602657669
11.4730645904
11.4858777075
11.4987051343
11.5115468868
11.524402981
11.5372734329
11.5501582584
11.5630574738
11.575971095
11.5888991381
11.6018416193
11.6147985546
11.6277699602
11.6407558523
11.653756247
11.6667711606
11.6798006092
11.6928446091
11.7059031766
11.7189763278
11.7320640792
11.7451664469
11.7582834474
11.7714150969
11.7845614119
11.7977224087
11.8108981036
11.8240885132
11.8372936538
11.8505135419
11.863748194
11.8769976266
11.8902618561
11.9035408991
11.9168347721
11.9301434918
11.9434670746
11.9568055372
11.9701588962
11.9835271682
11.9969103698
12.0103085179
12.023721629
12.0371497199
12.0505928072
12.0640509078
12.0775240384
12.0910122158
12.1045154568
12.1180337782
12.1315671968
12.1451157296
12.1586793934
12.1722582051
12.1858521816
12.1994613398
12.2130856968
12.2267252694
12.2403800747
12.2540501297
12.2677354514
12.2814360569
12.2951519632
12.3088831874
12.3226297467
12.3363916581
12.3501689388
12.363961606
12.3777696768
12.3915931685
12.4054320982
12.4192864833
12.4331563409
12.4470416885
12.4609425431
12.4748589222
12.4887908432
12.5027383233
12.5167013799
12.5306800305
12.5446742925
12.5586841832
12.5727097202
12.5867509209
12.6008078028
12.6148803834
12.6289686803
12.643072711
12.6571924931
12.6713280441
12.6854793818
12.6996465236
12.7138294873
12.7280282905
12.742242951
12.7564734864
12.7707199144
12.7849822529
12.7992605195
12.8135547321
12.8278649085
12.8421910665
12.8565332239
12.8708913987
12.8852656086
12.8996558717
12.9140622058
12.9284846289
12.942923159
12.957377814
12.971848612
12.986335571
13.000838709
13.0153580441
13.0298935944
13.044445378
13.059013413
13.0735977176
13.0881983099
13.1028152082
13.1174484307
13.1320979955
13.1467639209
13.1614462253
13.1761449269
13.1908600439
13.2055915948
13.2203395979
13.2351040716
13.2498850342
13.2646825042
13.2794965
13.2943270401
13.309174143
13.3240378271
13.3389181109
13.353815013
13.368728552
13.3836587464
13.3986056149
13.413569176
13.4285494485
13.4435464509
13.4585602019
13.4735907204
13.4886380248
13.5037021341
13.5187830671
13.5338808424
13.5489954788
13.5641269954
13.5792754108
13.5944407439
13.6096230137
13.624822239
13.6400384388
13.6552716321
13.6705218378
13.685789075
13.7010733626
13.7163747196
13.7316931653
13.7470287185
13.7623813986
13.7777512244
13.7931382153
13.8085423904
13.8239637689
13.83940237
13.8548582129
13.8703313168
13.8858217012
13.9013293852
13.9168543882
13.9323967295
13.9479564285
13.9635335045
13.979127977
13.9947398655
14.0103691893
14.0260159679
14.0416802208
14.0573619676
14.0730612277
14.0887780208
14.1045123664
14.1202642841
14.1360337936
14.1518209144
14.1676256663
14.1834480689
14.199288142
14.2151459053
14.2310213785
14.2469145815
14.262825534
14.2787542558
14.2947007668
14.3106650869
14.326647236
14.3426472339
14.3586651006
14.374700856
14.3907545202
14.4068261131
14.4229156548
14.4390231652
14.4551486645
14.4712921728
14.4874537102
14.5036332967
14.5198309527
14.5360466981
14.5522805533
14.5685325385
14.5848026739
14.6010909797
14.6173974764
14.6337221841
14.6500651233
14.6664263142
14.6828057774
14.6992035331
14.7156196018
14.732054004
14.7485067601
14.7649778907
14.7814674162
14.7979753573
14.8145017344
14.8310465681
14.8476098791
14.864191688
14.8807920155
14.8974108822
14.9140483089
14.9307043163
14.9473789251
14.964072156
14.98078403
14.9975145678
15.0142637902
15.0310317183
15.0478183726
15.0646237744
15.0814479444
15.0982909037
15.1151526731
15.1320332738
15.1489327267
15.165851053
15.1827882736
15.1997444097
15.2167194824
15.2337135129
15.2507265223
15.2677585319
15.2848095627
15.3018796362
15.3189687735
15.336076996
15.3532043249
15.3703507817
15.3875163876
15.404701164
15.4219051324
15.4391283142
15.4563707309
15.4736324038
15.4909133546
15.5082136048
15.5255331759
15.5428720894
15.5602303671
15.5776080305
15.5950051013
15.6124216011
15.6298575516
15.6473129747
15.6647878919
15.6822823251
15.6997962962
15.7173298267
15.7348829388
15.7524556542
15.7700479948
15.7876599824
15.8052916392
15.822942987
15.8406140478
15.8583048437
15.8760153966
15.8937457287
15.911495862
15.9292658186
15.9470556208
15.9648652906
15.9826948502
16.0005443219
16.0184137279
16.0363030904
16.0542124317
16.0721417742
16.0900911402
16.1080605521
16.1260500321
16.1440596029
16.1620892867
16.1801391061
16.1982090835
16.2162992414
16.2344096024
16.2525401891
16.270691024
16.2888621298
16.3070535291
16.3252652445
16.3434972987
16.3617497146
16.3800225146
16.3983157218
16.4166293588
16.4349634485
16.4533180137
16.4716930773
16.4900886621
16.5085047911
16.5269414873
16.5453987736
16.5638766729
16.5823752084
16.600894403
16.6194342799
16.6379948621
16.6565761727
16.675178235
16.693801072
16.7124447071
16.7311091633
16.749794464
16.7685006324
16.7872276919
16.8059756657
16.8247445774
16.8435344501
16.8623453073
16.8811771725
16.9000300691
16.9189040207
16.9377990506
16.9567151826
16.9756524401
16.9946108466
17.013590426
17.0325912017
17.0516131975
17.0706564371
17.0897209441
17.1088067424
17.1279138557
17.1470423078
17.1661921226
17.1853633239
17.2045559356
17.2237699816
17.2430054858
17.2622624723
17.2815409649
17.3008409878
17.3201625649
17.3395057204
17.3588704783
17.3782568627
17.3976648979
17.4170946079
17.4365460171
17.4560191496
17.4755140296
17.4950306816
17.5145691297
17.5341293984
17.553711512
17.5733154949
17.5929413716
17.6125891664
17.6322589038
17.6519506084
17.6716643047
17.6914000173
17.7111577707
17.7309375896
17.7507394985
17.7705635222
17.7904096854
17.8102780128
17.8301685292
17.8500812592
17.8700162278
17.8899734598
17.90995298
17.9299548133
17.9499789847
17.970025519
17.9900944414
18.0101857767
18.03029955
18.0504357863
18.0705945108
18.0907757486
18.1109795248
18.1312058645
18.151454793
18.1717263356
18.1920205173
18.2123373637
18.2326768998
18.2530391512
18.2734241431
18.293831901
18.3142624502
18.3347158163
18.3551920247
18.375691101
18.3962130706
18.4167579591
18.4373257922
18.4579165954
18.4785303944
18.4991672149
18.5198270826
18.5405100233
18.5612160626
18.5819452265
18.6026975407
18.6234730311
18.6442717235
18.6650936439
18.6859388182
18.7068072724
18.7276990325
18.7486141246
18.7695525746
18.7905144086
18.8114996528
18.8325083334
18.8535404764
18.8745961081
18.8956752548
18.9167779426
18.937904198
18.9590540471
18.9802275163
19.0014246321
19.0226454209
19.043889909
19.0651581229
19.0864500892
19.1077658344
19.1291053849
19.1504687675
19.1718560087
19.1932671352
19.2147021736
19.2361611507
19.2576440932
19.2791510278
19.3006819813
19.3222369806
19.3438160525
19.365419224
19.3870465218
19.408697973
19.4303736046
19.4520734435
19.4737975167
19.4955458515
19.5173184747
19.5391154136
19.5609366954
19.5827823471
19.6046523961
19.6265468695
19.6484657947
19.6704091989
19.6923771095
19.7143695539
19.7363865594
19.7584281535
19.7804943637
19.8025852174
19.8247007422
19.8468409656
19.8691178809
19.8916412791
19.9141902095
19.9367647011
19.9593647829
19.9819904839
20.0046418332
20.0273188597
20.0500215926
20.0727500611
20.0955042943
20.1182843215
20.1410901718
20.1639218746
20.1867794591
20.2096629547
20.2325723907
20.2555077967
20.2784692019
20.3014566359
20.3244701282
20.3475097083
20.3705754059
20.3936672504
20.4167852715
20.439929499
20.4630999625
20.4862966918
20.5095197166
20.5327690668
20.5560447721
20.5793468625
20.6026753679
20.6260303182
20.6494117434
20.6728196735
20.6962541386
20.7197151687
20.743202794
20.7667170445
20.7902579505
20.8138255422
20.8374198499
20.8610409038
20.8846887342
20.9083633716
20.9320648462
20.9557931885
20.979548429
21.0033305982
21.0271397266
21.0509758447
21.0748389831
21.0987291726
21.1226464436
21.146590827
21.1705623535
21.1945610538
21.2185869588
21.2426400992
21.266720506
21.29082821
21.3149632423
21.3391256338
21.3633154154
21.3875326183
21.4117772736
21.4360494123
21.4603490656
21.4846762647
21.5090310409
21.5334134253
21.5578234493
21.5822611443
21.6067265415
21.6312196724
21.6557405684
21.680289261
21.7048657817
21.7294701621
21.7541024338
21.7787626282
21.8034507772
21.8281669124
21.8529110655
21.8776832683
21.9024835525
21.9273119501
21.9521684928
21.9770532127
22.0019661415
22.0269073114
22.0518767543
22.0768745022
22.1019005873
22.1269550417
22.1520378975
22.1771491869
22.2022889422
22.2274571956
22.2526539795
22.2778793261
22.3031332679
22.3284158373
22.3537270667
22.3790669886
22.4044356355
22.4298330401
22.4552592348
22.4807142524
22.5061981255
22.5317108868
22.557252569
22.5828232051
22.6084228276
22.6340514697
22.659709164
22.6853959436
22.7111118415
22.7368568905
22.7626311239
22.7884345746
22.8142672758
22.8401292607
22.8660205624
22.8919412142
22.9178912493
22.9438707011
22.9698796029
22.995917988
23.02198589
23.0480833423
23.0742103783
23.1003670316
23.1265533357
23.1527693244
23.1790150312
23.2052904898
23.231595734
23.2579307975
23.2842957141
23.3106905177
23.3371152421
23.3635699213
23.3900545891
23.4165692797
23.443114027
23.4696888652
23.4962938282
23.5229289504
23.5495942658
23.5762898087
23.6030156133
23.629771714
23.6565581451
23.683374941
23.7102221361
23.7370997648
23.7640078617
23.7909464613
23.8179155982
23.844915307
23.8719456224
23.899006579
23.9260982115
23.9532205548
23.9803736437
24.0075575131
24.0347721977
24.0620177326
24.0892941527
24.116601493
24.1439397886
24.1713090746
24.198709386
24.2261407582
24.2536032262
24.2810968254
24.3086215909
24.3361775583
24.3637647627
24.3913832397
24.4190330247
24.4467141531
24.4744266605
24.5021705825
24.5299459547
24.5577528127
24.5855911923
24.6134611291
24.6413626589
24.6692958176
24.697260641
24.725257165
24.7532854255
24.7813454585
24.8094373
24.8375609862
24.865716553
24.8939040366
24.9221234732
24.950374899
24.9786583504
25.0069738635
25.0353214747
25.0637012205
25.0921131372
25.1205572613
25.1490336294
25.1775422779
25.2060832435
25.2346565628
25.2632622724
25.2919004092
25.3205710098
25.3492741111
25.3780097499
25.406777963
25.4355787875
25.4644122602
25.4932784183
25.5221772986
25.5511089384
25.5800733748
25.6090706449
25.638100786
25.6671638353
25.6962598301
25.7253888078
25.7545508057
25.7837458614
25.8129740123
25.8422352958
25.8715297496
25.9008574112
25.9302183183
25.9596125086
25.9890400198
26.0185008897
26.047995156
26.0775228568
26.1070840297
26.1366787129
26.1663069443
26.1959687619
26.2256642037
26.255393308
26.2851561128
26.3149526564
26.344782977
26.374647113
26.4045451025
26.434476984
26.464442796
26.4944425769
26.5244763652
26.5545441994
26.5846461181
26.6147821601
26.6449523639
26.6751567683
26.705395412
26.7356683339
26.7659755729
26.7963171677
26.8266931575
26.8571035811
26.8875484776
26.9180278861
26.9485418458
26.9790903957
27.009673575
27.040291423
27.0709439791
27.1016312825
27.1323533728
27.1631102892
27.1939020714
27.2247287587
27.2555903908
27.2864870073
27.3174186478
27.348385352
27.3793871598
27.4104241108
27.441496245
27.4726036021
27.5037462222
27.5349241453
27.5661374112
27.5973860601
27.6286701321
27.6599896674
27.6913447061
27.7227352886
27.7541614549
27.7856232458
27.8171207012
27.8486538618
27.880222768
27.9118274605
27.9434679796
27.975144366
28.0068566603
28.0386049034
28.070389136
28.1022093987
28.1340657325
28.1659581783
28.197886777
28.2298515696
28.2618525971
28.2938899005
28.3259635211
28.3580735
28.3902198783
28.4224026974
28.4546219985
28.4868778231
28.5191702126
28.5514992082
28.5838648517
28.6162671845
28.6487062482
28.6811820844
28.7136947347
28.7462442412
28.7788306453
28.8114539891
28.8441143142
28.8768116626
28.9095460764
28.9423175976
28.9751262682
29.0079721303
29.0408552261
29.0737755978
29.1067332876
29.1397283379
29.172760791
29.2058306893
29.2389380751
29.2720829913
29.3052654799
29.338485584
29.371743346
29.4050388086
29.4383720144
29.4717430065
29.5051518275
29.5385985203
29.5720831279
29.6056056932
29.6391662595
29.6727648695
29.7064015664
29.7400763937
29.7737893942
29.8075406114
29.8413300886
29.8751578692
29.9090239965
29.9429285141
29.9768714655
30.0108528941
30.0448728438
30.078931358
30.1130284806
30.1471642552
30.1813387258
30.2155519361
30.2498039302
30.2840947519
30.3184244453
30.3527930544
30.3872006233
30.4216471963
30.4561328174
30.4906575312
30.5252213817
30.5598244134
30.5944666707
30.6291481979
30.6638690399
30.6986292409
30.7334288457
30.7682678989
30.8031464453
30.8380645295
30.8730221965
30.9080194911
30.9430564582
30.9781331428
31.0132495899
31.0484058447
31.083601952
31.1188379574
31.1541139059
31.1894298427
31.2247858133
31.2601818629
31.2956180371
31.3310943815
31.3666109413
31.4021677623
31.43776489
31.4734023704
31.5090802488
31.5447985713
31.5805573837
31.6163567318
31.6521966618
31.6880772193
31.7239984507
31.759960402
31.7959631192
31.8320066488
31.8680910369
31.9042163298
31.940382574
31.9765898157
32.0128381016
32.049127478
32.0854579917
32.1218296892
32.1582426174
32.1946968227
32.2311923521
32.2677292524
32.3043075705
32.3409273533
32.3775886479
32.4142915013
32.4510359606
32.4878220731
32.5246498858
32.5615194461
32.5984308013
32.6353839988
32.6723790859
32.7094161103
32.7464951195
32.7836161609
32.8207792823
32.8579845315
32.895231956
32.9325216037
32.9698535226
33.0072277605
33.0446443654
33.0821033853
33.1196048684
33.1571488627
33.1947354163
33.2323645777
33.270036395
33.3077509167
33.3455081911
33.3833082667
33.4211511921
33.4590370157
33.4969657862
33.5349375525
33.5729523629
33.6110102666
33.6491113122
33.6872555488
33.7254430252
33.7636737905
33.8019478936
33.8402653839
33.8786263104
33.9170307226
33.9554786693
33.9939702004
34.0325053649
34.0710842124
34.1097067924
34.1483731546
34.1870833484
34.2258374238
34.2646354303
34.3034774177
34.3423634359
34.3812935349
34.4202677646
34.4592861751
34.4983488163
34.5374557385
34.5766069917
34.6158026265
34.655042693
34.6943272414
34.7336563224
34.7730299865
34.812448284
34.8519112655
34.891418982
34.9309714839
34.970568822
35.0102110473
35.0498982104
35.0896303625
35.1294075545
35.1692298374
35.2090972625
35.2490098807
35.2889677434
35.3289709019
35.3690194075
35.4091133116
35.4492526657
35.4894375213
35.5296679299
35.5699439433
35.6102656132
35.6506329911
35.6910461291
35.7315050789
35.7720098925
35.8125606219
35.8531573191
35.8938000363
35.9344888255
35.9752237391
36.0160048293
36.0568321485
36.0977057491
36.1386256834
36.1795920041
36.2206047638
36.261664015
36.3027698105
36.3439222032
36.3851212456
36.4263669908
36.4676594917
36.5089988012
36.5503849726
36.5918180588
36.6332981131
36.6748251886
36.7163993389
36.7580206169
36.7996890765
36.841404771
36.8831677538
36.9249780787
36.9668357991
37.0087409692
37.0506936423
37.0926938725
37.1347417137
37.1768372199
37.218980445
37.2611714431
37.3034102685
37.3456969753
37.3880316179
37.4304142505
37.4728449276
37.5153237035
37.5578506329
37.6004257703
37.6430491704
37.6857208879
37.7284409776
37.7712094942
37.8140264927
37.8568920281
37.8998061553
37.9427689295
37.9857804058
38.0288406394
38.0719496855
38.1151075996
38.158314437
38.2015702531
38.2448751035
38.2882290438
38.3316321296
38.3750844166
38.4185859606
38.4621368175
38.5057370431
38.5493866934
38.5930858244
38.6368344923
38.6806327531
38.7244806631
38.7683782786
38.812325656
38.8563228515
38.9003699218
38.9444669233
38.9886139126
39.0328109464
39.0770580815
39.1213553747
39.1657028827
39.2101006625
39.2545487711
39.2990472655
39.3435962029
39.3881956405
39.4328456356
39.4781179841
39.5237400779
39.569414894
39.6151424932
39.6609229366
39.7067562853
39.7526426004
39.798581943
39.8445743745
39.8906199563
39.9367187496
39.9828708162
40.0290762175
40.0753350151
40.1216472708
40.1680130463
40.2144324034
40.2609054042
40.3074321105
40.3540125845
40.4006468884
40.4473350841
40.4940772342
40.5408734009
40.5877236466
40.6346280339
40.6815866253
40.7285994834
40.7756666711
40.8227882509
40.8699642858
40.9171948389
40.9644799729
41.0118197511
41.0592142365
41.1066634924
41.1541675821
41.201726569
41.2493405164
41.2970094879
41.3447335471
41.3925127577
41.4403471833
41.4882368879
41.5361819351
41.5841823892
41.6322383141
41.6803497737
41.7285168324
41.7767395544
41.825018004
41.8733522457
41.9217423438
41.970188363
42.0186903679
42.0672484231
42.1158625934
42.1645329438
42.213259539
42.2620424442
42.3108817244
42.3597774447
42.4087296704
42.4577384666
42.506803899
42.5559260328
42.6051049336
42.6543406671
42.7036332988
42.7529828945
42.8023895201
42.8518532415
42.9013741247
42.9509522357
43.0005876406
43.0502804057
43.1000305972
43.1498382816
43.1997035251
43.2496263944
43.2996069561
43.3496452769
43.3997414234
43.4498954625
43.5001074611
43.5503774863
43.6007056049
43.6510918843
43.7015363915
43.752039194
43.8026003589
43.8532199538
43.9038980463
43.9546347039
44.0054299943
44.0562839853
44.1071967446
44.1581683403
44.2091988402
44.2602883125
44.3114368254
44.362644447
44.4139112456
44.4652372898
44.5166226478
44.5680673883
44.6195715798
44.6711352911
44.722758591
44.7744415483
44.826184232
44.8779867112
44.9298490547
44.981771332
45.0337536122
45.0857959646
45.1378984588
45.1900611642
45.2422841503
45.294567487
45.3469112438
45.3993154906
45.4517802973
45.5043057339
45.5568918705
45.6095387772
45.6622465242
45.7150151819
45.7678448206
45.8207355108
45.8736873231
45.9267003281
45.9797745965
46.0329101992
46.0861072068
46.1393656907
46.1926857215
46.2460673706
46.2995107091
46.3530158083
46.4065827397
46.4602115745
46.5139023845
46.5676552411
46.6214702162
46.6753473815
46.7292868088
46.7832885702
46.8373527376
46.8914793831
46.945668579
46.9999203976
47.0542349113
47.1086121924
47.1630523135
47.2175553472
47.2721213663
47.3267504435
47.3814426517
47.4361980638
47.491016753
47.5458987922
47.6008442547
47.6558532139
47.7109257431
47.7660619158
47.8212618055
47.8765254858
47.9318530305
47.9872445133
48.0427000082
48.0982195891
48.1538033301
48.2094513053
48.265163589
48.3209402556
48.3767813792
48.4326870346
48.4886572961
48.5446922386
48.6007919368
48.6569564654
48.7131858995
48.769480314
48.8258397839
48.8822643846
48.9387541912
48.9953092792
49.0519297238
49.1086156008
49.1653669856
49.2221839541
49.279066582
49.3360149451
49.3930291194
49.450109181
49.507255206
49.5644672708
49.6217454515
49.6790898245
49.7365004665
49.7939774538
49.8515208634
49.9091307718
49.9668072558
50.0245503927
50.0823602592
50.1402369324
50.1981804898
50.2561910084
50.3142685657
50.3724132392
50.4306251064
50.488904245
50.5472507327
50.6056646473
50.6641460668
50.7226950692
50.7813117325
50.8399961351
50.8987483551
50.9575684708
51.016456561
51.0754127039
51.1344369783
51.1935294629
51.2526902366
51.3119193782
51.3712169668
51.4305830815
51.4900178014
51.5495212058
51.6090933742
51.6687343859
51.7284443207
51.788223258
51.8480712775
51.9079884593
51.9679748831
52.0280306291
52.0881557773
52.1483504079
52.2086146012
52.2689484376
52.3293519976
52.3898253617
52.4503686107
52.5109818253
52.5716650863
52.6324184747
52.6932420715
52.754135958
52.8151002151
52.8761349245
52.9372401674
52.9984160253
53.0596625798
53.1209799127
53.1823681058
53.2438272408
53.3053574
53.3669586651
53.4286311186
53.4903748426
53.5521899195
53.6140764317
53.6760344618
53.7380640925
53.8001654065
53.8623384866
53.9245834158
53.9869002771
54.0492891536
54.1117501286
54.1742832853
54.2368887073
54.2995664779
54.3623166809
54.4251393998
54.4880347185
54.551002721
54.6140434912
54.6771571132
54.7403436711
54.8036032493
54.8669359323
54.9303418043
54.9938209501
55.0573734542
55.1209994015
55.184698877
55.2484719653
55.3123187518
55.3762393216
55.4402337599
55.504302152
55.5684445835
55.63266114
55.6969519069
55.7613169703
55.8257564158
55.8902703294
55.9548587973
56.0195219055
56.0842597404
56.1490723883
56.2139599356
56.2789224688
56.3439600747
56.40907284
56.4742608516
56.5395241964
56.6048629614
56.6702772339
56.7357671011
56.8013326503
56.8669739691
56.9326911449
56.9984842655
57.0643534185
57.1302986919
57.1963201736
57.2624179518
57.3285921145
57.39484275
57.4611699468
57.5275737932
57.594054378
57.6606117896
57.727246117
57.7939574491
57.8607458747
57.9276114831
57.9945543633
58.0615746047
58.1286722968
58.1958475289
58.2631003908
58.330430972
58.3978393625
58.4653256521
58.532889931
58.6005322891
58.6682528168
58.7360516043
58.8039287421
58.8718843208
58.939918431
59.0080311634
59.0762226089
59.1444928585
59.2128420033
59.2812701343
59.349777343
59.4183637206
59.4870293587
59.5557743489
59.6245987829
59.6935027524
59.7624863494
59.8315496659
59.9006927941
59.9699158261
60.0392188543
60.1086019712
60.1780652692
60.2476088412
60.3172327798
60.3869371778
60.4567221284
60.5265877245
60.5965340594
60.6665612265
60.7366693189
60.8068584304
60.8771286546
60.9474800851
61.0179128157
61.0884269406
61.1590225537
61.2296997492
61.3004586215
61.3712992647
61.4422217736
61.5132262426
61.5843127665
61.6554814401
61.7267323583
61.7980656163
61.869481309
61.9409795319
62.0125603803
62.0842239497
62.1559703356
62.2277996338
62.29971194
62.3717073504
62.4437859607
62.5159478672
62.5881931662
62.660521954
62.7329343271
62.8054303822
62.8780102158
62.9506739249
63.0234216063
63.0962533571
63.1691692745
63.2421694557
63.3152539981
63.3884229991
63.4616765564
63.5350147678
63.608437731
63.6819455439
63.7555383047
63.8292161115
63.9029790625
63.9768272563
64.0507607911
64.1247797659
64.1988842791
64.2730744297
64.3473503167
64.4217120392
64.4961596962
64.5706933872
64.6453132116
64.7200192689
64.7948116587
64.8696904808
64.9446558352
65.0197078217
65.0948465406
65.170072092
65.2453845763
65.320784094
65.3962707456
65.4718446319
65.5475058535
65.6232545116
65.6990907071
65.7750145412
65.8510261151
65.9271255302
66.0033128881
66.0795882904
66.1559518389
66.2324036353
66.3089437817
66.3855723803
66.462289533
66.5390953425
66.615989911
66.6929733412
66.7700457358
66.8472071975
66.9244578293
67.0017977342
67.0792270154
67.1567457763
67.2343541201
67.3120521505
67.389839971
67.4677176855
67.5456853978
67.6237432119
67.701891232
67.7801295622
67.858458307
67.9368775708
68.0153874583
68.0939880741
68.1726795232
68.2514619105
68.330335341
68.4092999201
68.4883557529
68.5675029451
68.6467416021
68.7260718297
68.8054937336
68.88500742
68.9646129946
69.0443105639
69.124100234
69.2039821116
69.2839563029
69.3640229149
69.4441820542
69.5244338278
69.6047783428
69.6852157062
69.7657460256
69.8463694081
65.
60.
55.
50.
45.
40.
35.
30.
25.
20.
15.
10.
5.
4.
3.
2.
1.8
1.6
1.4
1.3
1.2965800659
1.27981096732
1.26325874903
1.24692060605
1.23079376967
1.21487550701
1.19916312049
1.18365394746
1.1683453597
1.15323476295
1.13831959656
1.12359733294
1.10906547723
1.0947215668
1.08056317091
1.06658789023
